{"producer":{"name":"Blender","version":"2.78 (sub 0)","exporter_version":"5.3.-1","file":"free3Dmodel__1_.babylon"},
"autoClear":true,"clearColor":[0.0509,0.0509,0.0509],"ambientColor":[0,0,0],"gravity":[0,-9.81,0],
"materials":[],
"multiMaterials":[],
"skeletons":[{"name":"free3dmodel_skeleton","id":0,"dimensionsAtRest":[6.0851,5.7289,1.0097],"bones":[
{"name":"hips","index":0,"matrix":[1,0,0,0,0,1,0.0002,0,0,0.0002,-1,0,0,3.0166,0.052,1],"rest":[1,0,0,0,0,1,0.0002,0,0,0.0002,-1,0,0,3.0166,0.052,1],"parentBoneIndex":-1,"length":0.4915},
{"name":"abdomen","index":1,"matrix":[1,0,0,0,0,0.9999,0.0113,0,0,-0.0113,0.9999,0,0,0.4915,0,1],"rest":[1,0,0,0,0,0.9999,0.0113,0,0,-0.0113,0.9999,0,0,0.4915,0,1],"parentBoneIndex":0,"length":0.2638},
{"name":"abdomen2","index":2,"matrix":[1,0,0,0,0,0.9699,-0.2436,0,0,0.2436,0.9699,0,0,0.2638,0,1],"rest":[1,0,0,0,0,0.9699,-0.2436,0,0,0.2436,0.9699,0,0,0.2638,0,1],"parentBoneIndex":1,"length":0.4605},
{"name":"chest","index":3,"matrix":[1,0,0,0,0,0.9795,0.2015,0,0,-0.2015,0.9795,0,0,0.4605,0,1],"rest":[1,0,0,0,0,0.9795,0.2015,0,0,-0.2015,0.9795,0,0,0.4605,0,1],"parentBoneIndex":2,"length":0.8674},
{"name":"neck","index":4,"matrix":[1,0,0,0,0,0.936,0.3519,0,0,-0.3519,0.936,0,0,0.8674,0,1],"rest":[1,0,0,0,0,0.936,0.3519,0,0,-0.3519,0.936,0,0,0.8674,0,1],"parentBoneIndex":3,"length":0.3621},
{"name":"head","index":5,"matrix":[1,0,0,0,0,0.9467,-0.3222,0,0,0.3222,0.9467,0,0,0.3621,0,1],"rest":[1,0,0,0,0,0.9467,-0.3222,0,0,0.3222,0.9467,0,0,0.3621,0,1],"parentBoneIndex":4,"length":0.3494},
{"name":"shoulder.L","index":6,"matrix":[0.3466,-0.0301,0.9375,0,0.9379,0.0253,-0.346,0,-0.0133,0.9992,0.037,0,0.0599,0.6547,0.1794,1],"rest":[0.3466,-0.0301,0.9375,0,0.9379,0.0253,-0.346,0,-0.0133,0.9992,0.037,0,0.0599,0.6547,0.1794,1],"parentBoneIndex":3,"length":0.5784},
{"name":"upper_arm.L","index":7,"matrix":[-0.0062,-0.0309,-0.9995,0,0.3296,0.9436,-0.0312,0,0.9441,-0.3296,0.0044,0,0,0.5784,0,1],"rest":[-0.0062,-0.0309,-0.9995,0,0.3296,0.9436,-0.0312,0,0.9441,-0.3296,0.0044,0,0,0.5784,0,1],"parentBoneIndex":6,"length":0.9327},
{"name":"forearm.L","index":8,"matrix":[0.999,0.0446,0.0008,0,-0.0446,0.999,0.0017,0,-0.0007,-0.0017,1,0,0,0.9327,0,1],"rest":[0.999,0.0446,0.0008,0,-0.0446,0.999,0.0017,0,-0.0007,-0.0017,1,0,0,0.9327,0,1],"parentBoneIndex":7,"length":0.8222},
{"name":"hand.L","index":9,"matrix":[0,0.0163,-0.9999,0,0.0268,0.9995,0.0163,0,0.9996,-0.0268,-0.0004,0,0,0.8222,0,1],"rest":[0,0.0163,-0.9999,0,0.0268,0.9995,0.0163,0,0.9996,-0.0268,-0.0004,0,0,0.8222,0,1],"parentBoneIndex":8,"length":0.1626},
{"name":"f_index.01.L","index":10,"matrix":[0.9821,0.0101,-0.188,0,-0.0337,0.9918,-0.123,0,0.1852,0.1271,0.9744,0,-0.1075,0.3097,-0.0135,1],"rest":[0.9821,0.0101,-0.188,0,-0.0337,0.9918,-0.123,0,0.1852,0.1271,0.9744,0,-0.1075,0.3097,-0.0135,1],"parentBoneIndex":9,"length":0.1247},
{"name":"f_index.02.L","index":11,"matrix":[1,0.0098,-0.0001,0,-0.0096,0.986,0.1665,0,0.0017,-0.1664,0.986,0,0,0.1247,0,1],"rest":[1,0.0098,-0.0001,0,-0.0096,0.986,0.1665,0,0.0017,-0.1664,0.986,0,0,0.1247,0,1],"parentBoneIndex":10,"length":0.0737},
{"name":"f_index.03.L","index":12,"matrix":[1,-0.0003,0.0021,0,0.0006,0.9888,-0.1493,0,-0.0021,0.1493,0.9888,0,0,0.0737,0,1],"rest":[1,-0.0003,0.0021,0,0.0006,0.9888,-0.1493,0,-0.0021,0.1493,0.9888,0,0,0.0737,0,1],"parentBoneIndex":11,"length":0.1319},
{"name":"thumb.01.L","index":13,"matrix":[0.1866,0.3615,-0.9135,0,-0.6882,0.7117,0.1411,0,0.7012,0.6023,0.3816,0,-0.0723,0.0897,0.0277,1],"rest":[0.1866,0.3615,-0.9135,0,-0.6882,0.7117,0.1411,0,0.7012,0.6023,0.3816,0,-0.0723,0.0897,0.0277,1],"parentBoneIndex":9,"length":0.156},
{"name":"thumb.02.L","index":14,"matrix":[0.9565,-0.2909,-0.0204,0,0.2773,0.8858,0.372,0,-0.0902,-0.3615,0.928,0,0,0.156,0,1],"rest":[0.9565,-0.2909,-0.0204,0,0.2773,0.8858,0.372,0,-0.0902,-0.3615,0.928,0,0,0.156,0,1],"parentBoneIndex":13,"length":0.1028},
{"name":"thumb.03.L","index":15,"matrix":[0.9948,-0.0873,-0.052,0,0.0768,0.9812,-0.177,0,0.0665,0.1721,0.9828,0,0,0.1028,0,1],"rest":[0.9948,-0.0873,-0.052,0,0.0768,0.9812,-0.177,0,0.0665,0.1721,0.9828,0,0,0.1028,0,1],"parentBoneIndex":14,"length":0.149},
{"name":"f_middle.01.L","index":16,"matrix":[1,0.005,0,0,-0.005,0.994,-0.1096,0,-0.0006,0.1096,0.994,0,-0.0303,0.3225,-0.0226,1],"rest":[1,0.005,0,0,-0.005,0.994,-0.1096,0,-0.0006,0.1096,0.994,0,-0.0303,0.3225,-0.0226,1],"parentBoneIndex":9,"length":0.1362},
{"name":"f_middle.02.L","index":17,"matrix":[0.9992,0.0398,0.0044,0,-0.04,0.9959,0.0811,0,-0.0011,-0.0813,0.9967,0,0,0.1362,0,1],"rest":[0.9992,0.0398,0.0044,0,-0.04,0.9959,0.0811,0,-0.0011,-0.0813,0.9967,0,0,0.1362,0,1],"parentBoneIndex":16,"length":0.0894},
{"name":"f_middle.03.L","index":18,"matrix":[1,-0.001,0.0062,0,0.0015,0.9962,-0.0875,0,-0.0061,0.0875,0.9961,0,0,0.0894,0,1],"rest":[1,-0.001,0.0062,0,0.0015,0.9962,-0.0875,0,-0.0061,0.0875,0.9961,0,0,0.0894,0,1],"parentBoneIndex":17,"length":0.1398},
{"name":"f_ring.01.L","index":19,"matrix":[0.9707,-0.0205,0.2392,0,0.0411,0.9958,-0.0814,0,-0.2366,0.0889,0.9675,0,0.0343,0.3133,-0.0111,1],"rest":[0.9707,-0.0205,0.2392,0,0.0411,0.9958,-0.0814,0,-0.2366,0.0889,0.9675,0,0.0343,0.3133,-0.0111,1],"parentBoneIndex":9,"length":0.1296},
{"name":"f_ring.02.L","index":20,"matrix":[1,-0.0048,0.0004,0,0.0048,0.9982,0.0593,0,-0.0006,-0.0593,0.9982,0,0,0.1296,0,1],"rest":[1,-0.0048,0.0004,0,0.0048,0.9982,0.0593,0,-0.0006,-0.0593,0.9982,0,0,0.1296,0,1],"parentBoneIndex":19,"length":0.0751},
{"name":"f_ring.03.L","index":21,"matrix":[0.9999,0.0143,0.0006,0,-0.0143,0.9988,-0.0478,0,-0.0012,0.0478,0.9989,0,0,0.0751,0,1],"rest":[0.9999,0.0143,0.0006,0,-0.0143,0.9988,-0.0478,0,-0.0012,0.0478,0.9989,0,0,0.0751,0,1],"parentBoneIndex":20,"length":0.1362},
{"name":"f_pinky.01.L","index":22,"matrix":[0.9269,0.0212,0.3748,0,0.0159,0.9953,-0.0957,0,-0.3751,0.0946,0.9221,0,0.1034,0.283,0.0158,1],"rest":[0.9269,0.0212,0.3748,0,0.0159,0.9953,-0.0957,0,-0.3751,0.0946,0.9221,0,0.1034,0.283,0.0158,1],"parentBoneIndex":9,"length":0.1007},
{"name":"f_pinky.02.L","index":23,"matrix":[0.9994,-0.0341,-0.0015,0,0.034,0.9936,0.1073,0,-0.0022,-0.1073,0.9942,0,0,0.1007,0,1],"rest":[0.9994,-0.0341,-0.0015,0,0.034,0.9936,0.1073,0,-0.0022,-0.1073,0.9942,0,0,0.1007,0,1],"parentBoneIndex":22,"length":0.0607},
{"name":"f_pinky.03.L","index":24,"matrix":[0.9996,0.0295,0.0008,0,-0.0292,0.9906,-0.1333,0,-0.0047,0.1332,0.9911,0,0,0.0607,0,1],"rest":[0.9996,0.0295,0.0008,0,-0.0292,0.9906,-0.1333,0,-0.0047,0.1332,0.9911,0,0,0.0607,0,1],"parentBoneIndex":23,"length":0.1101},
{"name":"shoulder.R","index":25,"matrix":[0.3466,0.0301,-0.9375,0,-0.9379,0.0253,-0.346,0,0.0133,0.9992,0.037,0,-0.0599,0.6547,0.1794,1],"rest":[0.3466,0.0301,-0.9375,0,-0.9379,0.0253,-0.346,0,0.0133,0.9992,0.037,0,-0.0599,0.6547,0.1794,1],"parentBoneIndex":3,"length":0.5784},
{"name":"upper_arm.R","index":26,"matrix":[-0.0062,0.0309,0.9995,0,-0.3296,0.9436,-0.0312,0,-0.9441,-0.3296,0.0044,0,0,0.5784,0,1],"rest":[-0.0062,0.0309,0.9995,0,-0.3296,0.9436,-0.0312,0,-0.9441,-0.3296,0.0044,0,0,0.5784,0,1],"parentBoneIndex":25,"length":0.9327},
{"name":"forearm.R","index":27,"matrix":[0.999,-0.0446,-0.0008,0,0.0446,0.999,0.0017,0,0.0007,-0.0017,1,0,0,0.9327,0,1],"rest":[0.999,-0.0446,-0.0008,0,0.0446,0.999,0.0017,0,0.0007,-0.0017,1,0,0,0.9327,0,1],"parentBoneIndex":26,"length":0.8222},
{"name":"hand.R","index":28,"matrix":[0,-0.0163,0.9999,0,-0.0268,0.9995,0.0163,0,-0.9996,-0.0268,-0.0004,0,0,0.8222,0,1],"rest":[0,-0.0163,0.9999,0,-0.0268,0.9995,0.0163,0,-0.9996,-0.0268,-0.0004,0,0,0.8222,0,1],"parentBoneIndex":27,"length":0.1626},
{"name":"f_index.01.R","index":29,"matrix":[0.9821,-0.0101,0.188,0,0.0337,0.9918,-0.123,0,-0.1852,0.1271,0.9744,0,0.1075,0.3097,-0.0135,1],"rest":[0.9821,-0.0101,0.188,0,0.0337,0.9918,-0.123,0,-0.1852,0.1271,0.9744,0,0.1075,0.3097,-0.0135,1],"parentBoneIndex":28,"length":0.1247},
{"name":"f_index.02.R","index":30,"matrix":[1,-0.0098,0.0001,0,0.0096,0.986,0.1665,0,-0.0017,-0.1664,0.986,0,0,0.1247,0,1],"rest":[1,-0.0098,0.0001,0,0.0096,0.986,0.1665,0,-0.0017,-0.1664,0.986,0,0,0.1247,0,1],"parentBoneIndex":29,"length":0.0737},
{"name":"f_index.03.R","index":31,"matrix":[1,0.0003,-0.0021,0,-0.0006,0.9888,-0.1493,0,0.0021,0.1493,0.9888,0,0,0.0737,0,1],"rest":[1,0.0003,-0.0021,0,-0.0006,0.9888,-0.1493,0,0.0021,0.1493,0.9888,0,0,0.0737,0,1],"parentBoneIndex":30,"length":0.1319},
{"name":"thumb.01.R","index":32,"matrix":[0.1866,-0.3615,0.9135,0,0.6882,0.7117,0.1411,0,-0.7012,0.6023,0.3816,0,0.0723,0.0897,0.0277,1],"rest":[0.1866,-0.3615,0.9135,0,0.6882,0.7117,0.1411,0,-0.7012,0.6023,0.3816,0,0.0723,0.0897,0.0277,1],"parentBoneIndex":28,"length":0.156},
{"name":"thumb.02.R","index":33,"matrix":[0.9565,0.2909,0.0204,0,-0.2773,0.8858,0.372,0,0.0902,-0.3615,0.928,0,0,0.156,0,1],"rest":[0.9565,0.2909,0.0204,0,-0.2773,0.8858,0.372,0,0.0902,-0.3615,0.928,0,0,0.156,0,1],"parentBoneIndex":32,"length":0.1028},
{"name":"thumb.03.R","index":34,"matrix":[0.9947,0.0882,0.0531,0,-0.0776,0.9811,-0.1773,0,-0.0677,0.1723,0.9827,0,0,0.1028,0,1],"rest":[0.9947,0.0882,0.0531,0,-0.0776,0.9811,-0.1773,0,-0.0677,0.1723,0.9827,0,0,0.1028,0,1],"parentBoneIndex":33,"length":0.149},
{"name":"f_middle.01.R","index":35,"matrix":[1,-0.005,0,0,0.005,0.994,-0.1096,0,0.0006,0.1096,0.994,0,0.0303,0.3225,-0.0226,1],"rest":[1,-0.005,0,0,0.005,0.994,-0.1096,0,0.0006,0.1096,0.994,0,0.0303,0.3225,-0.0226,1],"parentBoneIndex":28,"length":0.1362},
{"name":"f_middle.02.R","index":36,"matrix":[0.9992,-0.0398,-0.0044,0,0.04,0.9959,0.0811,0,0.0011,-0.0813,0.9967,0,0,0.1362,0,1],"rest":[0.9992,-0.0398,-0.0044,0,0.04,0.9959,0.0811,0,0.0011,-0.0813,0.9967,0,0,0.1362,0,1],"parentBoneIndex":35,"length":0.0894},
{"name":"f_middle.03.R","index":37,"matrix":[1,0.001,-0.0062,0,-0.0015,0.9962,-0.0875,0,0.0061,0.0875,0.9961,0,0,0.0894,0,1],"rest":[1,0.001,-0.0062,0,-0.0015,0.9962,-0.0875,0,0.0061,0.0875,0.9961,0,0,0.0894,0,1],"parentBoneIndex":36,"length":0.1398},
{"name":"f_ring.01.R","index":38,"matrix":[0.9707,0.0205,-0.2392,0,-0.0411,0.9958,-0.0814,0,0.2366,0.0889,0.9675,0,-0.0343,0.3133,-0.0111,1],"rest":[0.9707,0.0205,-0.2392,0,-0.0411,0.9958,-0.0814,0,0.2366,0.0889,0.9675,0,-0.0343,0.3133,-0.0111,1],"parentBoneIndex":28,"length":0.1296},
{"name":"f_ring.02.R","index":39,"matrix":[1,0.0048,-0.0004,0,-0.0048,0.9982,0.0593,0,0.0006,-0.0593,0.9982,0,0,0.1296,0,1],"rest":[1,0.0048,-0.0004,0,-0.0048,0.9982,0.0593,0,0.0006,-0.0593,0.9982,0,0,0.1296,0,1],"parentBoneIndex":38,"length":0.0751},
{"name":"f_ring.03.R","index":40,"matrix":[0.9999,-0.0143,-0.0006,0,0.0143,0.9988,-0.0478,0,0.0012,0.0478,0.9989,0,0,0.0751,0,1],"rest":[0.9999,-0.0143,-0.0006,0,0.0143,0.9988,-0.0478,0,0.0012,0.0478,0.9989,0,0,0.0751,0,1],"parentBoneIndex":39,"length":0.1362},
{"name":"f_pinky.01.R","index":41,"matrix":[0.9269,-0.0212,-0.3748,0,-0.0159,0.9953,-0.0957,0,0.3751,0.0946,0.9221,0,-0.1034,0.283,0.0158,1],"rest":[0.9269,-0.0212,-0.3748,0,-0.0159,0.9953,-0.0957,0,0.3751,0.0946,0.9221,0,-0.1034,0.283,0.0158,1],"parentBoneIndex":28,"length":0.1007},
{"name":"f_pinky.02.R","index":42,"matrix":[0.9994,0.0341,0.0015,0,-0.034,0.9936,0.1073,0,0.0022,-0.1073,0.9942,0,0,0.1007,0,1],"rest":[0.9994,0.0341,0.0015,0,-0.034,0.9936,0.1073,0,0.0022,-0.1073,0.9942,0,0,0.1007,0,1],"parentBoneIndex":41,"length":0.0607},
{"name":"f_pinky.03.R","index":43,"matrix":[0.9996,-0.0295,-0.0008,0,0.0292,0.9906,-0.1333,0,0.0047,0.1332,0.9911,0,0,0.0607,0,1],"rest":[0.9996,-0.0295,-0.0008,0,0.0292,0.9906,-0.1333,0,0.0047,0.1332,0.9911,0,0,0.0607,0,1],"parentBoneIndex":42,"length":0.1101},
{"name":"thigh.L","index":44,"matrix":[0.9995,0.029,0,0,0.029,-0.9996,0.0042,0,0.0001,-0.0042,-1,0,0.2717,0.184,0.0686,1],"rest":[0.9996,0.029,0,0,0.029,-0.9996,0.0042,0,0.0001,-0.0042,-1,0,0.2717,0.184,0.0686,1],"parentBoneIndex":0,"length":1.4314},
{"name":"shin.L","index":45,"matrix":[0.9997,0.0249,0.0001,0,-0.0249,0.9973,0.0696,0,0.0016,-0.0695,0.9976,0,0,1.4314,0,1],"rest":[0.9997,0.0249,0.0001,0,-0.0249,0.9973,0.0696,0,0.0016,-0.0695,0.9976,0,0,1.4314,0,1],"parentBoneIndex":44,"length":1.5618},
{"name":"foot.L","index":46,"matrix":[0.9958,0.01,0.0906,0,0.0843,0.2775,-0.957,0,-0.0347,0.9607,0.2755,0,0,1.5618,0,1],"rest":[0.9958,0.01,0.0906,0,0.0843,0.2775,-0.957,0,-0.0347,0.9607,0.2755,0,0,1.5618,0,1],"parentBoneIndex":45,"length":0.4432},
{"name":"toe.L","index":47,"matrix":[1,0.0011,-0.0004,0,-0.0011,0.9515,-0.3075,0,0,0.3075,0.9515,0,0,0.4432,0,1],"rest":[1,0.0011,-0.0004,0,-0.0011,0.9515,-0.3075,0,0,0.3075,0.9515,0,0,0.4432,0,1],"parentBoneIndex":46,"length":0.3373},
{"name":"thigh.R","index":48,"matrix":[0.9995,-0.029,0,0,-0.029,-0.9996,0.0042,0,-0.0001,-0.0042,-1,0,-0.2717,0.184,0.0686,1],"rest":[0.9996,-0.029,0,0,-0.029,-0.9996,0.0042,0,-0.0001,-0.0042,-1,0,-0.2717,0.184,0.0686,1],"parentBoneIndex":0,"length":1.4314},
{"name":"shin.R","index":49,"matrix":[0.9997,-0.0249,-0.0001,0,0.0249,0.9973,0.0696,0,-0.0016,-0.0695,0.9976,0,0,1.4314,0,1],"rest":[0.9997,-0.0249,-0.0001,0,0.0249,0.9973,0.0696,0,-0.0016,-0.0695,0.9976,0,0,1.4314,0,1],"parentBoneIndex":48,"length":1.5618},
{"name":"foot.R","index":50,"matrix":[0.9958,-0.01,-0.0906,0,-0.0843,0.2775,-0.957,0,0.0347,0.9607,0.2755,0,0,1.5618,0,1],"rest":[0.9958,-0.01,-0.0906,0,-0.0843,0.2775,-0.957,0,0.0347,0.9607,0.2755,0,0,1.5618,0,1],"parentBoneIndex":49,"length":0.4432},
{"name":"toe.R","index":51,"matrix":[1,-0.0011,0.0004,0,0.0011,0.9411,-0.3382,0,0,0.3382,0.9411,0,0,0.4432,0,1],"rest":[1,-0.0011,0.0004,0,0.0011,0.9411,-0.3382,0,0,0.3382,0.9411,0,0,0.4432,0,1],"parentBoneIndex":50,"length":0.3371}]}],
"meshes":[{"name":"free3dmodel.001","id":"free3dmodel.001","billboardMode":0,"position":[0,0,0],"rotation":[0,0,0],"scaling":[1,1,1],"isVisible":false,"freezeWorldMatrix":false,"isEnabled":true,"checkCollisions":false,"receiveShadows":false,"tags":"","skeletonId":0,"numBoneInfluencers":3
,"positions":[-2.8124,4.881,0.3201,-2.8133,4.8722,0.3212,-2.8132,4.8723,0.3287,-2.7798,4.8836,0.3338,-2.7841,4.8906,0.3465,-2.7822,4.8947,0.3379,-2.7981,4.9043,0.3413,-2.7836,4.8969,0.328,-2.7863,4.8716,0.3399,-2.7838,4.8801,0.3445,-2.7992,4.8937,0.3512,-2.8097,4.9029,0.3403,-2.7986,4.9028,0.3266,-2.8018,4.8788,0.3173,-2.8132,4.8723,0.3287,-2.8029,4.8681,0.3272,-2.8105,4.8942,0.3488
,-2.8118,4.8818,0.3499,-2.811,4.8887,0.3551,-2.8024,4.8697,0.3419,-2.786,4.8784,0.3213,-2.811,4.8934,0.3191,-2.8,4.8931,0.3156,-2.8102,4.8963,0.3535,-2.8096,4.9022,0.3485,-2.8097,4.9029,0.3403,-2.8129,4.8732,0.3408,-2.8137,4.867,0.3363,-2.81,4.902,0.3281,-2.8093,4.9074,0.3333,-2.8096,4.9058,0.3256,-2.8102,4.9008,0.3197,-2.8119,4.8857,0.3145,-2.8127,4.8782,0.3161
,-2.8134,4.8687,0.344,-2.8127,4.8736,0.3499,-2.785,4.8736,0.3298,-2.8009,4.8794,0.3529,-2.8544,4.8728,0.3363,-2.8134,4.8687,0.344,-2.8137,4.867,0.3363,-2.8623,4.9031,0.319,-2.8731,4.9066,0.3254,-2.8755,4.9032,0.3211,-2.8631,4.8908,0.3549,-2.8737,4.8977,0.3514,-2.864,4.898,0.353,-2.8541,4.8774,0.323,-2.8127,4.8782,0.3161,-2.8541,4.8825,0.3181,-2.8127,4.8736,0.3499
,-2.8546,4.8739,0.3433,-2.8577,4.8777,0.3494,-2.8102,4.8963,0.3535,-2.811,4.8887,0.3551,-2.8623,4.8765,0.3426,-2.8676,4.8797,0.3468,-2.8806,4.8958,0.3462,-2.8773,4.9075,0.3312,-2.8776,4.902,0.3473,-2.8802,4.9019,0.3281,-2.8713,4.8871,0.3244,-2.8618,4.8842,0.32,-2.8669,4.8894,0.3183,-2.8096,4.9058,0.3256,-2.8634,4.9077,0.3248,-2.8636,4.8811,0.3242,-2.8641,4.909,0.3324
,-2.8731,4.9066,0.3254,-2.8634,4.9077,0.3248,-2.8093,4.9074,0.3333,-2.8119,4.8857,0.3145,-2.8569,4.8893,0.3155,-2.8102,4.9008,0.3197,-2.8133,4.8722,0.3212,-2.8716,4.8817,0.3404,-2.8762,4.8924,0.3527,-2.8639,4.8766,0.3372,-2.8776,4.902,0.3473,-2.8644,4.9037,0.3478,-2.8737,4.8977,0.3514,-2.8096,4.9022,0.3485,-2.864,4.898,0.353,-2.811,4.8934,0.3191,-2.8118,4.8818,0.3499
,-2.7833,4.8881,0.3232,2.8124,4.881,0.3201,2.8132,4.8723,0.3287,2.8133,4.8722,0.3212,2.7798,4.8836,0.3338,2.7841,4.8906,0.3465,2.7838,4.8801,0.3445,2.7981,4.9043,0.3413,2.7836,4.8969,0.328,2.7986,4.9028,0.3266,2.7863,4.8716,0.3399,2.785,4.8736,0.3298,2.8097,4.9029,0.3403,2.7992,4.8937,0.3512,2.8132,4.8723,0.3287,2.8018,4.8788,0.3173,2.8029,4.8681,0.3272
,2.8105,4.8942,0.3488,2.811,4.8887,0.3551,2.8118,4.8818,0.3499,2.8024,4.8697,0.3419,2.786,4.8784,0.3213,2.811,4.8934,0.3191,2.8,4.8931,0.3156,2.8096,4.9022,0.3485,2.8102,4.8963,0.3535,2.8097,4.9029,0.3403,2.8129,4.8732,0.3408,2.8137,4.867,0.3363,2.81,4.902,0.3281,2.8096,4.9058,0.3256,2.8093,4.9074,0.3333,2.8102,4.9008,0.3197,2.8127,4.8782,0.3161
,2.8119,4.8857,0.3145,2.8134,4.8687,0.344,2.8127,4.8736,0.3499,2.8009,4.8794,0.3529,2.7822,4.8947,0.3379,2.8544,4.8728,0.3363,2.8134,4.8687,0.344,2.8546,4.8739,0.3433,2.8624,4.9031,0.319,2.8731,4.9066,0.3254,2.8634,4.9077,0.3248,2.8631,4.8908,0.3549,2.8737,4.8977,0.3514,2.8762,4.8924,0.3527,2.8541,4.8774,0.323,2.8127,4.8782,0.3161,2.8133,4.8722,0.3212
,2.8127,4.8736,0.3499,2.8577,4.8777,0.3494,2.8102,4.8963,0.3535,2.864,4.898,0.353,2.8623,4.8765,0.3426,2.8806,4.8958,0.3462,2.8773,4.9075,0.3312,2.8802,4.9019,0.3281,2.8755,4.9032,0.3211,2.8713,4.8871,0.3244,2.8618,4.8842,0.32,2.8636,4.8811,0.3242,2.8096,4.9058,0.3256,2.8102,4.9008,0.3197,2.8639,4.8766,0.3372,2.8541,4.8825,0.3181,2.8641,4.909,0.3324
,2.8731,4.9066,0.3254,2.8773,4.9075,0.3312,2.8093,4.9074,0.3333,2.8634,4.9077,0.3248,2.8119,4.8857,0.3145,2.8569,4.8893,0.3155,2.8137,4.867,0.3363,2.8669,4.8894,0.3183,2.811,4.8887,0.3551,2.8676,4.8797,0.3468,2.8716,4.8817,0.3404,2.8776,4.902,0.3473,2.8776,4.902,0.3473,2.8644,4.9037,0.3478,2.8737,4.8977,0.3514,2.864,4.898,0.353,2.8096,4.9022,0.3485
,2.811,4.8934,0.3191,2.8118,4.8818,0.3499,2.7833,4.8881,0.3232,-2.7507,4.8725,0.3275,-2.7509,4.8813,0.3196,-2.7507,4.8721,0.3183,-2.7189,4.8877,0.3337,-2.724,4.893,0.3465,-2.7229,4.898,0.3383,-2.7401,4.9055,0.3419,-2.7242,4.9004,0.3285,-2.7237,4.8747,0.3389,-2.7225,4.883,0.3441,-2.7398,4.894,0.3513,-2.751,4.9015,0.3403,-2.7402,4.9046,0.3271,-2.7398,4.8805,0.3164
,-2.7507,4.8725,0.3275,-2.7395,4.8689,0.3257,-2.724,4.882,0.3209,-2.7225,4.8772,0.3291,-2.7394,4.8698,0.3406,-2.7511,4.8934,0.3194,-2.7401,4.8953,0.3155,-2.7506,4.8806,0.3484,-2.7395,4.8792,0.3522,-2.7505,4.8726,0.3393,-2.7504,4.8666,0.3423,-2.7504,4.8715,0.349,-2.7508,4.8927,0.3482,-2.7506,4.8873,0.3557,-2.7508,4.8955,0.3545,-2.7509,4.9023,0.3496,-2.7511,4.9014,0.3285
,-2.7512,4.9089,0.3339,-2.7513,4.9078,0.3256,-2.7513,4.9028,0.3189,-2.7511,4.8871,0.3122,-2.7509,4.8789,0.3134,-2.7229,4.8922,0.3233,-2.7505,4.8655,0.3341,-2.7513,4.9028,0.3189,-2.7887,4.9061,0.3263,-2.7886,4.9014,0.3199,-2.7504,4.8715,0.349,-2.7881,4.8865,0.355,-2.7506,4.8873,0.3557,-2.7882,4.8944,0.3539,-2.7508,4.8955,0.3545,-2.7885,4.8863,0.3135,-2.7509,4.8789,0.3134
,-2.7511,4.8871,0.3122,-2.7505,4.8655,0.3341,-2.7878,4.8668,0.3422,-2.7504,4.8666,0.3423,-2.7886,4.9072,0.3341,-2.7513,4.9078,0.3256,-2.7512,4.9089,0.3339,-2.7509,4.9023,0.3496,-2.7884,4.9008,0.3492,-2.7506,4.8806,0.3484,-2.7884,4.9008,0.3492,-2.7882,4.8721,0.3193,-2.7886,4.9072,0.3341,-2.7878,4.8668,0.3422,-2.7879,4.8715,0.3486,-2.7881,4.8865,0.355,-2.7887,4.9061,0.3263
,-2.7886,4.9014,0.3199,-2.7882,4.8944,0.3539,-2.7879,4.8657,0.3343,-2.7885,4.8863,0.3135,-2.7883,4.8785,0.3146,-2.7879,4.8715,0.3486,-2.7507,4.8721,0.3183,-2.7879,4.8657,0.3343,-2.7883,4.8785,0.3146,-2.7882,4.8721,0.3193,-2.7511,4.8934,0.3194,-2.751,4.9015,0.3403,2.7507,4.8725,0.3275,2.7507,4.8721,0.3183,2.7509,4.8813,0.3196,2.7189,4.8877,0.3337,2.724,4.893,0.3465
,2.7225,4.883,0.3441,2.7401,4.9055,0.3419,2.7242,4.9004,0.3285,2.7402,4.9046,0.3271,2.7237,4.8747,0.3389,2.7225,4.8772,0.3291,2.751,4.9015,0.3403,2.7398,4.894,0.3513,2.7507,4.8725,0.3275,2.7398,4.8805,0.3164,2.7395,4.8689,0.3257,2.724,4.882,0.3209,2.7229,4.8922,0.3233,2.7394,4.8698,0.3406,2.7511,4.8934,0.3194,2.7401,4.8953,0.3155,2.7506,4.8806,0.3484
,2.7395,4.8792,0.3522,2.7505,4.8726,0.3393,2.7504,4.8715,0.349,2.7504,4.8666,0.3423,2.7508,4.8927,0.3482,2.7508,4.8955,0.3545,2.7506,4.8873,0.3557,2.7509,4.9023,0.3496,2.7511,4.9014,0.3285,2.7513,4.9078,0.3256,2.7512,4.9089,0.3339,2.7513,4.9028,0.3189,2.7509,4.8789,0.3134,2.7511,4.8871,0.3122,2.7505,4.8655,0.3341,2.7229,4.898,0.3383,2.7513,4.9028,0.3189
,2.7887,4.9061,0.3263,2.7513,4.9078,0.3256,2.7504,4.8715,0.349,2.7881,4.8865,0.355,2.7879,4.8715,0.3486,2.7506,4.8873,0.3557,2.7882,4.8944,0.3539,2.7509,4.8789,0.3134,2.7885,4.8863,0.3135,2.7511,4.8871,0.3122,2.7505,4.8655,0.3341,2.7878,4.8668,0.3422,2.7879,4.8657,0.3343,2.7886,4.9072,0.3341,2.7512,4.9089,0.3339,2.7509,4.9023,0.3496,2.7508,4.8955,0.3545
,2.7506,4.8806,0.3484,2.7884,4.9008,0.3492,2.7886,4.9072,0.3341,2.7882,4.8721,0.3193,2.7878,4.8668,0.3422,2.7879,4.8715,0.3486,2.7881,4.8865,0.355,2.7887,4.9061,0.3263,2.7886,4.9014,0.3199,2.7882,4.8944,0.3539,2.7879,4.8657,0.3343,2.7885,4.8863,0.3135,2.7883,4.8785,0.3146,2.7504,4.8666,0.3423,2.7886,4.9014,0.3199,2.7507,4.8721,0.3183,2.7882,4.8721,0.3193
,2.7883,4.8785,0.3146,2.7884,4.9008,0.3492,2.7511,4.8934,0.3194,2.751,4.9015,0.3403,-2.6512,4.886,0.3483,-2.6525,4.8724,0.3492,-2.6516,4.88,0.3579,-2.6162,4.8753,0.3317,-2.6212,4.883,0.346,-2.6193,4.8876,0.3364,-2.6375,4.8981,0.3402,-2.6208,4.8902,0.3253,-2.6536,4.8629,0.3394,-2.6538,4.8622,0.3261,-2.6546,4.8534,0.3337,-2.6384,4.886,0.3513,-2.6504,4.8954,0.3389
,-2.6379,4.8963,0.3236,-2.6407,4.8692,0.3131,-2.6538,4.8622,0.3261,-2.6417,4.857,0.3243,-2.6229,4.8692,0.3177,-2.6218,4.8639,0.3273,-2.6412,4.8588,0.3408,-2.6232,4.8616,0.3385,-2.6518,4.8852,0.3158,-2.6392,4.8853,0.3112,-2.6542,4.8552,0.3433,-2.6535,4.8613,0.3509,-2.6531,4.8716,0.3167,-2.6542,4.8604,0.3148,-2.6536,4.868,0.3087,-2.6504,4.8954,0.3389,-2.6501,4.8972,0.35
,-2.6527,4.8776,0.3069,-2.6507,4.8947,0.3256,-2.65,4.9024,0.3215,-2.6508,4.8964,0.3139,-2.6203,4.8803,0.3199,-2.6497,4.9042,0.3312,-2.6507,4.8896,0.3561,-2.6399,4.8698,0.3532,-2.6207,4.8712,0.3438,-2.73,4.8716,0.3492,-2.6516,4.88,0.3579,-2.6535,4.8613,0.3509,-2.7276,4.8953,0.3535,-2.6507,4.8896,0.3561,-2.6508,4.8964,0.3139,-2.7271,4.906,0.3246,-2.7277,4.901,0.3182
,-2.6546,4.8534,0.3337,-2.7306,4.8665,0.3428,-2.6542,4.8552,0.3433,-2.6497,4.9042,0.3312,-2.65,4.9024,0.3215,-2.6501,4.8972,0.35,-2.7271,4.9017,0.3484,-2.7305,4.8709,0.319,-2.6542,4.8604,0.3148,-2.7293,4.8853,0.3123,-2.6527,4.8776,0.3069,-2.73,4.8773,0.3139,-2.6536,4.868,0.3087,-2.7277,4.901,0.3182,-2.7305,4.8709,0.319,-2.7293,4.8853,0.3123,-2.73,4.8773,0.3139
,-2.7284,4.8873,0.355,-2.7276,4.8953,0.3535,-2.7308,4.865,0.3347,-2.7306,4.8665,0.3428,-2.7271,4.9017,0.3484,-2.7268,4.9075,0.3326,-2.7271,4.906,0.3246,-2.73,4.8716,0.3492,-2.6518,4.8852,0.3158,-2.6525,4.8724,0.3492,2.6512,4.886,0.3483,2.6516,4.88,0.3579,2.6525,4.8724,0.3492,2.6162,4.8753,0.3317,2.6212,4.883,0.346,2.6207,4.8712,0.3438,2.6375,4.8981,0.3402
,2.6208,4.8902,0.3253,2.6379,4.8963,0.3236,2.6536,4.8629,0.3394,2.6546,4.8534,0.3337,2.6538,4.8622,0.3261,2.6504,4.8954,0.3389,2.6384,4.886,0.3513,2.6538,4.8622,0.3261,2.6407,4.8692,0.3131,2.6417,4.857,0.3243,2.6229,4.8692,0.3177,2.6203,4.8803,0.3199,2.6412,4.8588,0.3408,2.6232,4.8616,0.3385,2.6518,4.8852,0.3158,2.6392,4.8853,0.3112,2.6535,4.8613,0.3509
,2.6542,4.8552,0.3433,2.6542,4.8604,0.3148,2.6531,4.8716,0.3167,2.6536,4.868,0.3087,2.6504,4.8954,0.3389,2.6501,4.8972,0.35,2.6527,4.8776,0.3069,2.6507,4.8947,0.3256,2.6508,4.8964,0.3139,2.65,4.9024,0.3215,2.6497,4.9042,0.3312,2.6507,4.8896,0.3561,2.6218,4.8639,0.3273,2.6193,4.8876,0.3364,2.6399,4.8698,0.3532,2.6516,4.88,0.3579,2.73,4.8716,0.3492
,2.6535,4.8613,0.3509,2.7276,4.8953,0.3535,2.7284,4.8873,0.355,2.6508,4.8964,0.3139,2.7271,4.906,0.3246,2.65,4.9024,0.3215,2.6546,4.8534,0.3337,2.7306,4.8665,0.3428,2.7308,4.865,0.3347,2.6497,4.9042,0.3312,2.7268,4.9075,0.3326,2.6501,4.8972,0.35,2.6507,4.8896,0.3561,2.7305,4.8709,0.319,2.6542,4.8604,0.3148,2.6542,4.8552,0.3433,2.7293,4.8853,0.3123
,2.6527,4.8776,0.3069,2.73,4.8773,0.3139,2.6536,4.868,0.3087,2.7271,4.9017,0.3484,2.7277,4.901,0.3182,2.7293,4.8853,0.3123,2.7305,4.8709,0.319,2.73,4.8773,0.3139,2.7284,4.8873,0.355,2.7276,4.8953,0.3535,2.7308,4.865,0.3347,2.7306,4.8665,0.3428,2.7271,4.9017,0.3484,2.7268,4.9075,0.3326,2.7271,4.906,0.3246,2.73,4.8716,0.3492,2.6518,4.8852,0.3158
,2.6525,4.8724,0.3492,-2.8502,4.9123,0.2707,-2.8539,4.9271,0.2616,-2.8541,4.9158,0.2579,-2.878,4.8954,0.266,-2.858,4.9045,0.257,-2.876,4.9056,0.2527,-2.8698,4.9382,0.2755,-2.8854,4.929,0.2857,-2.8844,4.9372,0.2746,-2.8706,4.934,0.259,-2.888,4.9233,0.2527,-2.8731,4.9213,0.2481,-2.8913,4.9017,0.267,-2.8902,4.9045,0.2804,-2.8771,4.8996,0.2826,-2.8877,4.9155,0.2889
,-2.8717,4.928,0.2888,-2.8747,4.9123,0.2934,-2.8548,4.9231,0.2845,-2.8586,4.8997,0.2799,-2.857,4.9005,0.2681,-2.8551,4.9105,0.2836,-2.8856,4.9343,0.2612,-2.8863,4.9326,0.2521,-2.888,4.9233,0.2527,-2.8904,4.9098,0.256,-2.8919,4.9007,0.258,-2.8913,4.9017,0.267,-2.8854,4.929,0.2857,-2.8877,4.9155,0.2889,-2.8859,4.9239,0.2939,-2.8844,4.9372,0.2746,-2.8838,4.9381,0.2844
,-2.8902,4.9045,0.2804,-2.8918,4.897,0.2759,-2.8845,4.9322,0.2909,-2.8839,4.9419,0.2664,-2.8849,4.939,0.2581,-2.8898,4.915,0.2484,-2.8912,4.9067,0.2514,-2.8908,4.8999,0.2843,-2.8894,4.9063,0.2903,-2.8522,4.9257,0.2735,-2.9512,4.9274,0.2949,-2.9645,4.9356,0.2907,-2.9523,4.936,0.2921,-2.9624,4.9171,0.2619,-2.9679,4.9366,0.2569,-2.9736,4.9365,0.2649,-2.9648,4.9417,0.2612
,-2.9699,4.944,0.2676,-2.957,4.9122,0.2873,-2.9527,4.9066,0.277,-2.9622,4.9133,0.2802,-2.9526,4.9427,0.2598,-2.8839,4.9419,0.2664,-2.9532,4.9457,0.2681,-2.8845,4.9322,0.2909,-2.8859,4.9239,0.2939,-2.9516,4.9359,0.2538,-2.8849,4.939,0.2581,-2.9526,4.9427,0.2598,-2.9415,4.9106,0.2548,-2.8898,4.915,0.2484,-2.9451,4.9184,0.2512,-2.8919,4.9007,0.258,-2.9413,4.9052,0.2607
,-2.9412,4.9046,0.2838,-2.8918,4.897,0.2759,-2.9411,4.902,0.2761,-2.9506,4.9075,0.2829,-2.9509,4.9129,0.2569,-2.9529,4.9097,0.262,-2.9648,4.9417,0.2612,-2.9531,4.9421,0.2857,-2.9645,4.9356,0.2907,-2.9697,4.9403,0.2858,-2.8838,4.9381,0.2844,-2.9523,4.936,0.2921,-2.9447,4.9103,0.2902,-2.9676,4.9292,0.2927,-2.9734,4.9322,0.2853,-2.9697,4.9403,0.2858,-2.9573,4.9189,0.2548
,-2.8894,4.9063,0.2903,-2.8863,4.9326,0.2521,2.8502,4.9123,0.2707,2.8539,4.9271,0.2616,2.8522,4.9257,0.2735,2.878,4.8954,0.266,2.858,4.9045,0.257,2.857,4.9005,0.2681,2.8698,4.9382,0.2755,2.8854,4.929,0.2857,2.8717,4.928,0.2888,2.888,4.9233,0.2527,2.8706,4.934,0.259,2.8731,4.9213,0.2481,2.8844,4.9372,0.2746,2.8913,4.9017,0.267,2.876,4.9056,0.2527
,2.8902,4.9045,0.2804,2.8877,4.9155,0.2889,2.8747,4.9123,0.2934,2.8548,4.9231,0.2845,2.8586,4.8997,0.2799,2.8771,4.8996,0.2826,2.8856,4.9343,0.2612,2.888,4.9233,0.2527,2.8863,4.9326,0.2521,2.8904,4.9098,0.2559,2.8913,4.9017,0.267,2.8919,4.9007,0.258,2.8854,4.929,0.2857,2.8859,4.9239,0.2939,2.8877,4.9155,0.2889,2.8844,4.9372,0.2746,2.8838,4.9381,0.2844
,2.8902,4.9045,0.2804,2.8918,4.897,0.2759,2.8845,4.9322,0.2909,2.8849,4.939,0.2581,2.8839,4.9419,0.2664,2.8912,4.9067,0.2514,2.8898,4.915,0.2484,2.8541,4.9158,0.2579,2.8908,4.8999,0.2843,2.8894,4.9063,0.2903,2.9512,4.9274,0.2949,2.9645,4.9356,0.2907,2.9676,4.9292,0.2927,2.9624,4.9171,0.2619,2.9679,4.9366,0.2569,2.9573,4.9189,0.2548,2.9736,4.9365,0.2649
,2.9648,4.9417,0.2612,2.9527,4.9066,0.277,2.957,4.9122,0.2873,2.9622,4.9133,0.2802,2.8839,4.9419,0.2664,2.9526,4.9427,0.2598,2.9532,4.9457,0.2681,2.8845,4.9322,0.2909,2.9523,4.936,0.2921,2.9516,4.9359,0.2538,2.9526,4.9427,0.2598,2.8849,4.939,0.2581,2.8863,4.9326,0.2521,2.8898,4.915,0.2484,2.9415,4.9106,0.2548,2.9451,4.9184,0.2512,2.8919,4.9007,0.258
,2.9413,4.9052,0.2607,2.8918,4.897,0.2759,2.9412,4.9046,0.2838,2.9411,4.902,0.2761,2.9506,4.9075,0.2829,2.9509,4.9129,0.2569,2.9648,4.9417,0.2612,2.9699,4.944,0.2676,2.9531,4.9421,0.2857,2.9645,4.9356,0.2907,2.9523,4.936,0.2921,2.8838,4.9381,0.2844,2.9447,4.9103,0.2902,2.9734,4.9322,0.2853,2.9697,4.9403,0.2858,2.9699,4.944,0.2676,2.9529,4.9097,0.262
,2.8859,4.9239,0.2939,2.8894,4.9063,0.2903,2.9697,4.9403,0.2858,2.8551,4.9105,0.2836,-2.7745,4.9142,0.2677,-2.7803,4.9288,0.2591,-2.7793,4.9175,0.2549,-2.7999,4.8924,0.263,-2.7811,4.9054,0.2537,-2.7999,4.9037,0.2499,-2.7979,4.9264,0.2869,-2.8124,4.9337,0.2733,-2.7979,4.9377,0.2738,-2.7986,4.9336,0.2571,-2.8135,4.92,0.2507,-2.7994,4.9205,0.2457,-2.8138,4.8975,0.2644
,-2.7992,4.8965,0.2797,-2.8127,4.9112,0.287,-2.7984,4.9097,0.2911,-2.7798,4.9236,0.282,-2.7808,4.9,0.2767,-2.7796,4.9014,0.2646,-2.7787,4.9112,0.2807,-2.8129,4.9313,0.2595,-2.8132,4.9297,0.2504,-2.8135,4.92,0.2507,-2.8124,4.9252,0.2843,-2.8127,4.9112,0.287,-2.8123,4.9196,0.292,-2.8133,4.8999,0.2782,-2.8138,4.8975,0.2644,-2.8137,4.8928,0.2729,-2.8124,4.9337,0.2733
,-2.8121,4.9343,0.283,-2.8138,4.906,0.2534,-2.814,4.9034,0.2488,-2.814,4.8972,0.2551,-2.8121,4.9281,0.2893,-2.8125,4.9387,0.2652,-2.8128,4.9361,0.2567,-2.8139,4.9119,0.2461,-2.8133,4.8955,0.2814,-2.813,4.9018,0.2876,-2.7784,4.9273,0.2709,-2.8123,4.9196,0.292,-2.8587,4.9283,0.2899,-2.8121,4.9281,0.2893,-2.8132,4.9297,0.2504,-2.8593,4.936,0.2581,-2.8596,4.9299,0.252
,-2.8137,4.8928,0.2729,-2.8594,4.8965,0.2822,-2.8133,4.8955,0.2814,-2.8591,4.9386,0.2664,-2.8128,4.9361,0.2567,-2.8125,4.9387,0.2652,-2.8587,4.9344,0.2837,-2.8121,4.9343,0.283,-2.86,4.8982,0.2566,-2.814,4.8972,0.2551,-2.813,4.9018,0.2876,-2.8587,4.92,0.2925,-2.8591,4.9027,0.2882,-2.8139,4.9119,0.2461,-2.86,4.9125,0.2478,-2.814,4.9034,0.2488,-2.86,4.9043,0.2504
,-2.8596,4.894,0.2739,-2.86,4.8982,0.2566,-2.8594,4.8965,0.2822,-2.8587,4.9283,0.2899,-2.8587,4.9344,0.2837,-2.8591,4.9386,0.2664,-2.8593,4.936,0.2581,-2.8596,4.9299,0.252,-2.8591,4.9027,0.2882,-2.8587,4.92,0.2925,-2.86,4.9125,0.2478,-2.86,4.9043,0.2504,2.7745,4.9142,0.2677,2.7803,4.9288,0.2591,2.7784,4.9273,0.2709,2.7999,4.8924,0.263,2.7811,4.9054,0.2537
,2.7796,4.9014,0.2646,2.8124,4.9337,0.2733,2.7979,4.9264,0.2869,2.7979,4.9377,0.2738,2.8135,4.92,0.2507,2.7986,4.9336,0.2571,2.7994,4.9205,0.2457,2.8138,4.8975,0.2644,2.7999,4.9037,0.2499,2.7992,4.8965,0.2797,2.8127,4.9112,0.287,2.7984,4.9097,0.2911,2.7798,4.9236,0.282,2.7808,4.9,0.2767,2.8129,4.9313,0.2595,2.8135,4.92,0.2507,2.8132,4.9297,0.2504
,2.8124,4.9252,0.2843,2.8123,4.9196,0.292,2.8127,4.9112,0.287,2.8133,4.8999,0.2782,2.8137,4.8928,0.2729,2.8138,4.8975,0.2644,2.8124,4.9337,0.2733,2.8121,4.9343,0.283,2.8138,4.906,0.2534,2.814,4.8972,0.2551,2.814,4.9034,0.2488,2.8121,4.9281,0.2893,2.8128,4.9361,0.2567,2.8125,4.9387,0.2652,2.7793,4.9175,0.2549,2.8139,4.9119,0.2461,2.8133,4.8955,0.2814
,2.813,4.9018,0.2876,2.8123,4.9196,0.292,2.8587,4.9283,0.2899,2.8587,4.92,0.2925,2.8132,4.9297,0.2504,2.8593,4.936,0.2581,2.8128,4.9361,0.2567,2.8137,4.8928,0.2729,2.8594,4.8965,0.2822,2.8596,4.894,0.2739,2.8591,4.9386,0.2664,2.8125,4.9387,0.2652,2.8587,4.9344,0.2837,2.8121,4.9281,0.2893,2.8121,4.9343,0.283,2.86,4.8982,0.2566,2.814,4.8972,0.2551
,2.813,4.9018,0.2876,2.8591,4.9027,0.2882,2.8133,4.8955,0.2814,2.8139,4.9119,0.2461,2.8596,4.9299,0.252,2.814,4.9034,0.2488,2.86,4.9125,0.2478,2.86,4.9043,0.2504,2.8596,4.894,0.2739,2.8594,4.8965,0.2822,2.86,4.8982,0.2566,2.8587,4.9283,0.2899,2.8587,4.9344,0.2837,2.8591,4.9386,0.2664,2.8593,4.936,0.2581,2.8596,4.9299,0.252,2.8591,4.9027,0.2882
,2.8587,4.92,0.2925,2.86,4.9125,0.2478,2.86,4.9043,0.2504,2.7787,4.9112,0.2807,-2.6421,4.9021,0.2617,-2.6483,4.9189,0.2516,-2.6477,4.9058,0.2471,-2.6474,4.9137,0.278,-2.6457,4.9174,0.2651,-2.6848,4.8926,0.2435,-2.6854,4.8891,0.2372,-2.6857,4.8811,0.2457,-2.6671,4.8779,0.2572,-2.6499,4.8864,0.2727,-2.6486,4.8877,0.2588,-2.6851,4.8805,0.2584,-2.6505,4.8921,0.2461
,-2.6672,4.8906,0.2419,-2.6812,4.9259,0.2506,-2.6798,4.9307,0.2691,-2.6799,4.9355,0.2573,-2.6836,4.8853,0.2769,-2.6849,4.8761,0.2691,-2.6816,4.9001,0.2889,-2.6626,4.9176,0.2838,-2.6637,4.8984,0.2891,-2.6659,4.8831,0.2764,-2.6637,4.925,0.2492,-2.6833,4.9111,0.2385,-2.6654,4.9097,0.2366,-2.684,4.8798,0.28,-2.6828,4.8882,0.288,-2.6801,4.9187,0.284,-2.6803,4.9115,0.2929
,-2.6795,4.9225,0.2892,-2.6809,4.9318,0.2463,-2.6821,4.9233,0.2383,-2.6846,4.9,0.2334,-2.6798,4.9307,0.2691,-2.662,4.9302,0.2684,-2.6851,4.8805,0.2584,-2.6467,4.8993,0.2768,-2.7862,4.8951,0.255,-2.6849,4.8761,0.2691,-2.6857,4.8811,0.2457,-2.6828,4.8882,0.288,-2.7825,4.9182,0.2908,-2.6803,4.9115,0.2929,-2.782,4.9265,0.2879,-2.6795,4.9225,0.2892,-2.6821,4.9233,0.2383
,-2.783,4.9335,0.2555,-2.7839,4.9271,0.2495,-2.7849,4.8941,0.281,-2.684,4.8798,0.28,-2.7824,4.9363,0.2638,-2.6809,4.9318,0.2463,-2.6799,4.9355,0.2573,-2.7825,4.9182,0.2908,-2.7862,4.8951,0.255,-2.782,4.9265,0.2879,-2.7856,4.8913,0.2727,-2.7849,4.8941,0.281,-2.7839,4.9271,0.2495,-2.7855,4.9094,0.2457,-2.7818,4.9325,0.2815,-2.7841,4.9005,0.287,-2.7824,4.9363,0.2638
,-2.783,4.9335,0.2555,-2.6792,4.9304,0.2806,-2.6816,4.9001,0.2889,-2.7841,4.9005,0.287,-2.6846,4.9,0.2334,-2.7855,4.9094,0.2457,-2.6854,4.8891,0.2372,-2.786,4.9011,0.2486,-2.7818,4.9325,0.2815,-2.6792,4.9304,0.2806,-2.786,4.9011,0.2486,-2.6833,4.9111,0.2385,2.6421,4.9021,0.2617,2.6483,4.9189,0.2516,2.6457,4.9174,0.2651,2.6474,4.9137,0.278,2.6467,4.8993,0.2768
,2.6848,4.8926,0.2435,2.6857,4.8811,0.2457,2.6854,4.8891,0.2372,2.6671,4.8779,0.2572,2.6499,4.8864,0.2727,2.6659,4.8831,0.2764,2.6851,4.8805,0.2584,2.6505,4.8921,0.2461,2.6486,4.8877,0.2588,2.6812,4.9259,0.2506,2.6799,4.9355,0.2573,2.6798,4.9307,0.2691,2.6836,4.8853,0.2769,2.6849,4.8761,0.2691,2.6626,4.9176,0.2838,2.6816,4.9001,0.2889,2.6637,4.8984,0.2891
,2.6833,4.9111,0.2385,2.6637,4.925,0.2492,2.6654,4.9097,0.2366,2.6672,4.8906,0.2419,2.6828,4.8882,0.288,2.684,4.8798,0.28,2.6801,4.9187,0.284,2.6795,4.9225,0.2892,2.6803,4.9115,0.2929,2.6809,4.9318,0.2463,2.6821,4.9233,0.2383,2.6846,4.9,0.2334,2.6798,4.9307,0.2691,2.662,4.9302,0.2684,2.6851,4.8805,0.2584,2.6477,4.9058,0.2471,2.6849,4.8761,0.2691
,2.7862,4.8951,0.255,2.6857,4.8811,0.2457,2.6828,4.8882,0.288,2.7825,4.9182,0.2908,2.7841,4.9005,0.287,2.6803,4.9115,0.2929,2.782,4.9265,0.2879,2.6821,4.9233,0.2383,2.783,4.9335,0.2555,2.6809,4.9318,0.2463,2.7849,4.8941,0.281,2.7856,4.8913,0.2727,2.7824,4.9363,0.2638,2.6799,4.9355,0.2573,2.7825,4.9182,0.2908,2.782,4.9265,0.2879,2.7862,4.8951,0.255
,2.7856,4.8913,0.2727,2.7849,4.8941,0.281,2.7839,4.9271,0.2495,2.7855,4.9094,0.2457,2.7818,4.9325,0.2815,2.7841,4.9005,0.287,2.7824,4.9363,0.2638,2.783,4.9335,0.2555,2.6792,4.9304,0.2806,2.6816,4.9001,0.2889,2.684,4.8798,0.28,2.6846,4.9,0.2334,2.7839,4.9271,0.2495,2.6854,4.8891,0.2372,2.7855,4.9094,0.2457,2.786,4.9011,0.2486,2.7818,4.9325,0.2815
,2.6792,4.9304,0.2806,2.6795,4.9225,0.2892,2.786,4.9011,0.2486,2.6833,4.9111,0.2385,-2.9143,4.9492,0.1803,-2.9148,4.9453,0.1719,-2.9169,4.9363,0.1741,-2.88,4.9283,0.1949,-2.8844,4.9421,0.2066,-2.8815,4.9422,0.1947,-2.8889,4.9181,0.2066,-2.8849,4.9293,0.208,-2.921,4.9237,0.2061,-2.9218,4.9178,0.1932,-2.9226,4.9157,0.2023,-2.899,4.9555,0.1938,-2.9012,4.9482,0.2091
,-2.9136,4.9552,0.1932,-2.9,4.9479,0.1786,-2.9064,4.9187,0.1786,-2.9218,4.9178,0.1932,-2.9086,4.9114,0.1938,-2.9076,4.919,0.2091,-2.8872,4.9162,0.1947,-2.9169,4.9363,0.1741,-2.9029,4.9333,0.1706,-2.9185,4.9367,0.2124,-2.9047,4.9337,0.2171,-2.9154,4.9495,0.2061,-2.9135,4.9574,0.2025,-2.9136,4.9552,0.1932,-2.8882,4.9179,0.1825,-2.8838,4.9291,0.1814,-2.8834,4.9419,0.1825
,-2.9725,4.9217,0.1989,-2.9822,4.9287,0.2038,-2.9728,4.9259,0.2058,-2.9226,4.9157,0.2023,-2.9764,4.9329,0.2107,-2.9166,4.9456,0.2146,-2.9205,4.9277,0.2146,-3.0044,4.954,0.2,-2.9956,4.9581,0.205,-2.999,4.9524,0.2081,-3.0036,4.9539,0.1791,-2.9943,4.958,0.1748,-2.9996,4.9618,0.1804,-2.9219,4.9156,0.184,-2.9716,4.9257,0.1762,-2.9719,4.9216,0.1832,-2.9808,4.9505,0.1695
,-2.9134,4.9528,0.1765,-2.9819,4.9584,0.174,-2.9975,4.9522,0.1715,-2.9873,4.9342,0.1737,-2.9747,4.9327,0.171,-2.9825,4.9507,0.2115,-2.9833,4.9585,0.2069,-2.9148,4.953,0.2101,-2.9835,4.9632,0.1994,-2.9956,4.9581,0.205,-3.0004,4.9619,0.199,-2.9135,4.9574,0.2025,-2.9833,4.9585,0.2069,-2.9166,4.9456,0.2146,-2.9185,4.9367,0.2124,-2.9205,4.9277,0.2146,-2.9936,4.9341,0.1994
,-2.9929,4.934,0.1808,-2.9887,4.9344,0.2069,-2.9835,4.9265,0.1829,-2.9842,4.9266,0.1982,-2.9827,4.9631,0.1814,-2.9996,4.9618,0.1804,-2.9811,4.9286,0.1774,-2.9187,4.9274,0.1719,-2.9148,4.9453,0.1719,-2.9943,4.958,0.1748,-2.9819,4.9584,0.174,-2.9127,4.9573,0.1842,-2.9219,4.9156,0.184,-2.92,4.9235,0.1803,-2.9187,4.9274,0.1719,-2.9127,4.9573,0.1842,-2.922,4.9202,0.21
,-2.9148,4.953,0.2101,-2.9134,4.9528,0.1765,-2.9206,4.92,0.1764,2.9143,4.9492,0.1803,2.9169,4.9363,0.1741,2.9148,4.9453,0.1719,2.88,4.9283,0.1949,2.8844,4.9421,0.2066,2.8849,4.9293,0.208,2.8889,4.9181,0.2066,2.8872,4.9162,0.1947,2.921,4.9237,0.2061,2.9226,4.9157,0.2023,2.9218,4.9178,0.1932,2.899,4.9555,0.1938,2.8815,4.9422,0.1947,2.9136,4.9552,0.1932
,2.9012,4.9482,0.2091,2.9,4.9479,0.1786,2.9218,4.9178,0.1932,2.9064,4.9187,0.1786,2.9086,4.9114,0.1938,2.9076,4.919,0.2091,2.9169,4.9363,0.1741,2.9029,4.9333,0.1706,2.9185,4.9367,0.2124,2.9047,4.9337,0.2171,2.9154,4.9495,0.2061,2.9136,4.9552,0.1932,2.9135,4.9574,0.2025,2.8882,4.9179,0.1825,2.8834,4.9419,0.1825,2.8838,4.9291,0.1814,2.9725,4.9217,0.1989
,2.9822,4.9287,0.2038,2.9842,4.9266,0.1982,2.9226,4.9157,0.2023,2.9728,4.9259,0.2058,2.9764,4.9329,0.2107,2.9166,4.9456,0.2146,2.9825,4.9507,0.2115,3.0044,4.954,0.2,2.9956,4.9581,0.205,3.0004,4.9618,0.199,3.0036,4.9539,0.1791,2.9943,4.958,0.1748,2.9975,4.9522,0.1715,2.9716,4.9257,0.1762,2.9219,4.9156,0.184,2.9719,4.9216,0.1832,2.9808,4.9505,0.1695
,2.9134,4.9528,0.1765,2.9148,4.9453,0.1719,2.9819,4.9584,0.174,2.9873,4.9342,0.1737,2.9747,4.9327,0.171,2.999,4.9524,0.2081,2.9148,4.953,0.2101,2.9833,4.9585,0.2069,2.9835,4.9632,0.1994,2.9956,4.9581,0.205,2.9833,4.9585,0.2069,2.9135,4.9574,0.2025,2.9166,4.9456,0.2146,2.9205,4.9277,0.2146,2.9185,4.9367,0.2124,2.9205,4.9277,0.2146,2.9929,4.934,0.1808
,2.9996,4.9618,0.1804,2.9936,4.9341,0.1994,2.9835,4.9265,0.1829,2.9887,4.9344,0.2069,2.9827,4.9631,0.1814,3.0004,4.9618,0.199,2.9811,4.9286,0.1774,2.9187,4.9274,0.1719,2.9943,4.958,0.1748,2.9996,4.9618,0.1804,2.9127,4.9573,0.1842,2.9819,4.9584,0.174,2.9219,4.9156,0.184,2.92,4.9235,0.1803,2.9187,4.9274,0.1719,2.9127,4.9573,0.1842,2.922,4.9202,0.21
,2.9148,4.953,0.2101,2.9134,4.9528,0.1765,2.9206,4.92,0.1764,-2.8135,4.9309,0.1746,-2.7961,4.918,0.1865,-2.7941,4.9302,0.1855,-2.7953,4.9427,0.1865,-2.8133,4.9462,0.1826,-2.8155,4.9309,0.2211,-2.7969,4.9181,0.2107,-2.8157,4.9156,0.2131,-2.7963,4.9427,0.2107,-2.7952,4.9303,0.212,-2.7901,4.9301,0.199,-2.7951,4.917,0.1988,-2.7942,4.9435,0.1988,-2.8277,4.9407,0.2192
,-2.8902,4.9496,0.2112,-2.8272,4.9485,0.2145,-2.8257,4.9409,0.1756,-2.8887,4.9498,0.178,-2.8887,4.9422,0.1734,-2.8285,4.9096,0.2065,-2.8912,4.9164,0.211,-2.8286,4.9143,0.2143,-2.8276,4.9097,0.1878,-2.8897,4.9165,0.1778,-2.8901,4.912,0.1853,-2.8897,4.9542,0.2037,-2.8266,4.9532,0.2068,-2.8912,4.9164,0.211,-2.8901,4.912,0.1853,-2.8911,4.9239,0.2156,-2.8897,4.9542,0.2037
,-2.8889,4.9543,0.1856,-2.8887,4.9498,0.178,-2.8906,4.942,0.2157,-2.8902,4.9496,0.2112,-2.8887,4.9422,0.1734,-2.8892,4.9241,0.1733,-2.8897,4.9165,0.1778,-2.8909,4.9119,0.2034,-2.8285,4.922,0.219,-2.8906,4.942,0.2157,-2.8911,4.9239,0.2156,-2.8265,4.9222,0.1755,-2.8892,4.9241,0.1733,-2.8271,4.9144,0.1801,-2.8889,4.9543,0.1856,-2.8256,4.9487,0.1803,-2.8258,4.9533,0.1881
,-2.8277,4.9407,0.2192,-2.828,4.9314,0.216,-2.8285,4.922,0.219,-2.8283,4.9183,0.2101,-2.8285,4.9096,0.2065,-2.8279,4.9126,0.1973,-2.8276,4.9097,0.1878,-2.8271,4.9183,0.1845,-2.8263,4.9313,0.1786,-2.8265,4.9222,0.1755,-2.8257,4.9409,0.1756,-2.8259,4.9444,0.1845,-2.8263,4.95,0.1973,-2.8258,4.9533,0.1881,-2.8266,4.9532,0.2068,-2.828,4.9314,0.216,-2.8263,4.9313,0.1786
,-2.8144,4.9156,0.1826,-2.8137,4.9542,0.1979,-2.8147,4.9463,0.2131,-2.8153,4.9076,0.1979,-2.8286,4.9143,0.2143,-2.8271,4.9144,0.1801,-2.8256,4.9487,0.1803,-2.8271,4.9444,0.2101,-2.8272,4.9485,0.2145,-2.8279,4.9126,0.1973,-2.8263,4.95,0.1973,2.8135,4.9309,0.1746,2.7961,4.918,0.1865,2.8144,4.9156,0.1826,2.7953,4.9427,0.1865,2.7941,4.9302,0.1855,2.8155,4.931,0.2211
,2.7969,4.9181,0.2107,2.7952,4.9303,0.212,2.7963,4.9427,0.2107,2.8147,4.9463,0.2131,2.7901,4.9301,0.199,2.7951,4.917,0.1988,2.7942,4.9435,0.1988,2.8277,4.9407,0.2192,2.8902,4.9496,0.2112,2.8906,4.942,0.2157,2.8257,4.9409,0.1756,2.8887,4.9498,0.178,2.8256,4.9487,0.1803,2.8285,4.9096,0.2065,2.8912,4.9164,0.211,2.8909,4.9119,0.2034,2.8276,4.9097,0.1878
