{"producer":{"name":"Blender","version":"2.76 (sub 0)","exporter_version":"4.6.1","file":"robot.babylon"},
"autoClear":true,"clearColor":[0.0509,0.0509,0.0509],"ambientColor":[0,0,0],"gravity":[0,-9.81,0],
"materials":[{"name":"robot.Cylinder","id":"robot.Cylinder","ambient":[0,0,0],"diffuse":[0.8,0.8,0.8],"specular":[1,1,1],"emissive":[0,0,0],"specularPower":64,"alpha":1,"backFaceCulling":true,"checkReadyOnlyOnce":false, 
"diffuseTexture":{"name":"robot_Cylinder_DIFFUSE_COLOR.jpg","level":1,"hasAlpha":0,"coordinatesMode":0,"uOffset":0,"vOffset":0,"uScale":1,"vScale":1,"uAng":0,"vAng":0,"wAng":0,"wrapU":0,"wrapV":0,"coordinatesIndex":0}}],
"multiMaterials":[],
"skeletons":[{"name":"Armature","id":0,"dimensionsAtRest":[2.5112,5.6457,4.3325],"bones":[
{"name":"ik.l","index":0,"matrix":[1,0,0,0,0,-0.9672,0.2541,0,0,0.2541,0.9672,0,0.7227,-2.3396,0.2673,1],"rest":[1,0,0,0,0,-0.9672,0.2541,0,0,0.2541,0.9672,0,0.7227,-2.3281,0.1574,1],"parentBoneIndex":-1,"length":0.9079
,"animation":{"dataType":3,"framePerSecond":24,"keys":[
{"frame":1,"values":[1,0,0,0,0,-0.9672,0.2541,0,0,0.2541,0.9672,0,0.7227,-2.3396,0.2673,1]},
{"frame":2,"values":[1,0,0,0,0,-0.9672,0.2541,0,0,0.2541,0.9672,0,0.7227,-2.3396,0.2673,1]},
{"frame":11,"values":[1,0,0,0,0,-0.9672,0.2541,0,0,0.2541,0.9672,0,0.7227,-2.3396,0.2673,1]},
{"frame":12,"values":[1,0,0,0,0,-0.9672,0.2541,0,0,0.2541,0.9672,0,0.7227,-2.3266,0.1844,1]},
{"frame":13,"values":[1,0,0,0,0,-0.9672,0.2541,0,0,0.2541,0.9672,0,0.7227,-2.3143,0.1019,1]},
{"frame":14,"values":[1,0,0,0,0,-0.9672,0.2541,0,0,0.2541,0.9672,0,0.7227,-2.3027,0.02,1]},
{"frame":15,"values":[1,0,0,0,0,-0.9672,0.2541,0,0,0.2541,0.9672,0,0.7227,-2.2921,-0.061,1]},
{"frame":16,"values":[1,0,0,0,0,-0.9672,0.2541,0,0,0.2541,0.9672,0,0.7227,-2.2825,-0.1409,1]},
{"frame":17,"values":[1,0,0,0,0,-0.9672,0.2541,0,0,0.2541,0.9672,0,0.7227,-2.2738,-0.2196,1]},
{"frame":18,"values":[1,0,0,0,0,-0.9672,0.2541,0,0,0.2541,0.9672,0,0.7227,-2.2662,-0.2966,1]},
{"frame":19,"values":[1,0,0,0,0,-0.9672,0.2541,0,0,0.2541,0.9672,0,0.7227,-2.2594,-0.3711,1]},
{"frame":20,"values":[1,0,0,0,0,-0.9672,0.2541,0,0,0.2541,0.9672,0,0.7227,-2.2531,-0.4412,1]},
{"frame":21,"values":[1,0,0,0,0,-0.9672,0.2541,0,0,0.2541,0.9672,0,0.7227,-2.2443,-0.4952,1]},
{"frame":22,"values":[1,0,0,0,0,-0.9672,0.2541,0,0,0.2541,0.9672,0,0.7227,-2.1978,-0.4033,1]},
{"frame":23,"values":[1,0,0,0,0,-0.9672,0.2541,0,0,0.2541,0.9672,0,0.7227,-2.1446,-0.287,1]},
{"frame":24,"values":[1,0,0,0,0,-0.9672,0.2541,0,0,0.2541,0.9672,0,0.7227,-2.0902,-0.1655,1]},
{"frame":25,"values":[1,0,0,0,0,-0.9672,0.2541,0,0,0.2541,0.9672,0,0.7227,-2.0355,-0.0414,1]},
{"frame":26,"values":[1,0,0,0,0,-0.9672,0.2541,0,0,0.2541,0.9672,0,0.7227,-1.9812,0.084,1]},
{"frame":27,"values":[1,0,0,0,0,-0.9672,0.2541,0,0,0.2541,0.9672,0,0.7227,-1.928,0.2104,1]},
{"frame":28,"values":[1,0,0,0,0,-0.9672,0.2541,0,0,0.2541,0.9672,0,0.7227,-1.8764,0.3374,1]},
{"frame":29,"values":[1,0,0,0,0,-0.9672,0.2541,0,0,0.2541,0.9672,0,0.7227,-1.8269,0.4646,1]},
{"frame":30,"values":[1,0,0,0,0,-0.9672,0.2541,0,0,0.2541,0.9672,0,0.7227,-1.78,0.5918,1]},
{"frame":31,"values":[1,0,0,0,0,-0.9672,0.2541,0,0,0.2541,0.9672,0,0.7227,-1.7359,0.7184,1]},
{"frame":32,"values":[1,0,0,0,0,-0.9672,0.2541,0,0,0.2541,0.9672,0,0.7227,-1.6949,0.8437,1]},
{"frame":33,"values":[1,0,0,0,0,-0.9672,0.2541,0,0,0.2541,0.9672,0,0.7227,-1.6572,0.9661,1]},
{"frame":34,"values":[1,0,0,0,0,-0.9672,0.2541,0,0,0.2541,0.9672,0,0.7227,-1.6235,1.0823,1]},
{"frame":35,"values":[1,0,0,0,0,-0.9672,0.2541,0,0,0.2541,0.9672,0,0.7227,-1.5995,1.17,1]},
{"frame":36,"values":[1,0,0,0,0,-0.9672,0.2541,0,0,0.2541,0.9672,0,0.7227,-1.6252,1.0992,1]},
{"frame":37,"values":[1,0,0,0,0,-0.9672,0.2541,0,0,0.2541,0.9672,0,0.7227,-1.6695,1.008,1]},
{"frame":38,"values":[1,0,0,0,0,-0.9672,0.2541,0,0,0.2541,0.9672,0,0.7227,-1.726,0.9139,1]},
{"frame":39,"values":[1,0,0,0,0,-0.9672,0.2541,0,0,0.2541,0.9672,0,0.7227,-1.7928,0.8193,1]},
{"frame":40,"values":[1,0,0,0,0,-0.9672,0.2541,0,0,0.2541,0.9672,0,0.7227,-1.8685,0.7252,1]},
{"frame":41,"values":[1,0,0,0,0,-0.9672,0.2541,0,0,0.2541,0.9672,0,0.7227,-1.952,0.6319,1]},
{"frame":42,"values":[1,0,0,0,0,-0.9672,0.2541,0,0,0.2541,0.9672,0,0.7227,-2.0422,0.5394,1]},
{"frame":43,"values":[1,0,0,0,0,-0.9672,0.2541,0,0,0.2541,0.9672,0,0.7227,-2.138,0.448,1]},
{"frame":44,"values":[1,0,0,0,0,-0.9672,0.2541,0,0,0.2541,0.9672,0,0.7227,-2.2381,0.3574,1]},
{"frame":45,"values":[1,0,0,0,0,-0.9672,0.2541,0,0,0.2541,0.9672,0,0.7227,-2.3396,0.2673,1]}],"loopBehavior":1,"name":"anim","property":"_matrix"}},
{"name":"knee.l","index":1,"matrix":[1,0,0,0,0,-0.2344,-0.9721,0,0,0.9721,-0.2344,0,-0.056,-1.5633,-2.4567,1],"rest":[1,0,0,0,0,-0.2344,-0.9721,0,0,0.973,-0.2346,0,-0.056,-1.5633,-2.4567,1],"parentBoneIndex":0,"length":0.7284
,"animation":{"dataType":3,"framePerSecond":24,"keys":[
{"frame":1,"values":[1,0,0,0,0,-0.2344,-0.9721,0,0,0.9721,-0.2344,0,-0.056,-1.5633,-2.4567,1]},
{"frame":2,"values":[1,0,0,0,0,-0.2344,-0.9721,0,0,0.9721,-0.2344,0,-0.056,-1.5633,-2.4567,1]},
{"frame":11,"values":[1,0,0,0,0,-0.2344,-0.9721,0,0,0.9721,-0.2344,0,-0.056,-1.5633,-2.4567,1]},
{"frame":45,"values":[1,0,0,0,0,-0.2344,-0.9721,0,0,0.9721,-0.2344,0,-0.056,-1.5633,-2.4567,1]}],"loopBehavior":1,"name":"anim","property":"_matrix"}},
{"name":"ik.r","index":2,"matrix":[1,0,0,0,0,-0.9667,0.256,0,0,0.256,0.9667,0,-0.717,-2.3395,0.2748,1],"rest":[1,0,0,0,0,-0.9667,0.256,0,0,0.256,0.9667,0,-0.717,-2.3281,0.1574,1],"parentBoneIndex":-1,"length":0.9168
,"animation":{"dataType":3,"framePerSecond":24,"keys":[
{"frame":1,"values":[1,0,0,0,0,-0.9667,0.256,0,0,0.256,0.9667,0,-0.717,-2.3395,0.2748,1]},
{"frame":2,"values":[1,0,0,0,0,-0.9667,0.256,0,0,0.256,0.9667,0,-0.717,-2.3395,0.2748,1]},
{"frame":11,"values":[1,0,0,0,0,-0.9667,0.256,0,0,0.256,0.9667,0,-0.717,-2.3395,0.2748,1]},
{"frame":12,"values":[1,0,0,0,0,-0.9667,0.256,0,0,0.256,0.9667,0,-0.717,-2.237,0.3646,1]},
{"frame":13,"values":[1,0,0,0,0,-0.9667,0.256,0,0,0.256,0.9667,0,-0.717,-2.1368,0.4559,1]},
{"frame":14,"values":[1,0,0,0,0,-0.9667,0.256,0,0,0.256,0.9667,0,-0.717,-2.0412,0.5482,1]},
{"frame":15,"values":[1,0,0,0,0,-0.9667,0.256,0,0,0.256,0.9667,0,-0.717,-1.9513,0.6413,1]},
{"frame":16,"values":[1,0,0,0,0,-0.9667,0.256,0,0,0.256,0.9667,0,-0.717,-1.8679,0.735,1]},
{"frame":17,"values":[1,0,0,0,0,-0.9667,0.256,0,0,0.256,0.9667,0,-0.717,-1.7919,0.829,1]},
{"frame":18,"values":[1,0,0,0,0,-0.9667,0.256,0,0,0.256,0.9667,0,-0.717,-1.7245,0.9227,1]},
{"frame":19,"values":[1,0,0,0,0,-0.9667,0.256,0,0,0.256,0.9667,0,-0.717,-1.6672,1.0152,1]},
{"frame":20,"values":[1,0,0,0,0,-0.9667,0.256,0,0,0.256,0.9667,0,-0.717,-1.6224,1.1034,1]},
{"frame":21,"values":[1,0,0,0,0,-0.9667,0.256,0,0,0.256,0.9667,0,-0.717,-1.5974,1.1685,1]},
{"frame":22,"values":[1,0,0,0,0,-0.9667,0.256,0,0,0.256,0.9667,0,-0.717,-1.6204,1.0853,1]},
{"frame":23,"values":[1,0,0,0,0,-0.9667,0.256,0,0,0.256,0.9667,0,-0.717,-1.6535,0.9722,1]},
{"frame":24,"values":[1,0,0,0,0,-0.9667,0.256,0,0,0.256,0.9667,0,-0.717,-1.6909,0.8521,1]},
{"frame":25,"values":[1,0,0,0,0,-0.9667,0.256,0,0,0.256,0.9667,0,-0.717,-1.7317,0.7286,1]},
{"frame":26,"values":[1,0,0,0,0,-0.9667,0.256,0,0,0.256,0.9667,0,-0.717,-1.7756,0.6034,1]},
{"frame":27,"values":[1,0,0,0,0,-0.9667,0.256,0,0,0.256,0.9667,0,-0.717,-1.8225,0.4773,1]},
{"frame":28,"values":[1,0,0,0,0,-0.9667,0.256,0,0,0.256,0.9667,0,-0.717,-1.872,0.3508,1]},
{"frame":29,"values":[1,0,0,0,0,-0.9667,0.256,0,0,0.256,0.9667,0,-0.717,-1.9237,0.2242,1]},
{"frame":30,"values":[1,0,0,0,0,-0.9667,0.256,0,0,0.256,0.9667,0,-0.717,-1.9772,0.0979,1]},
{"frame":31,"values":[1,0,0,0,0,-0.9667,0.256,0,0,0.256,0.9667,0,-0.717,-2.0319,-0.028,1]},
{"frame":32,"values":[1,0,0,0,0,-0.9667,0.256,0,0,0.256,0.9667,0,-0.717,-2.0872,-0.1529,1]},
{"frame":33,"values":[1,0,0,0,0,-0.9667,0.256,0,0,0.256,0.9667,0,-0.717,-2.1424,-0.2762,1]},
{"frame":34,"values":[1,0,0,0,0,-0.9667,0.256,0,0,0.256,0.9667,0,-0.717,-2.1967,-0.3958,1]},
{"frame":35,"values":[1,0,0,0,0,-0.9667,0.256,0,0,0.256,0.9667,0,-0.717,-2.2456,-0.4954,1]},
{"frame":36,"values":[1,0,0,0,0,-0.9667,0.256,0,0,0.256,0.9667,0,-0.717,-2.2525,-0.4339,1]},
{"frame":37,"values":[1,0,0,0,0,-0.9667,0.256,0,0,0.256,0.9667,0,-0.717,-2.258,-0.3607,1]},
{"frame":38,"values":[1,0,0,0,0,-0.9667,0.256,0,0,0.256,0.9667,0,-0.717,-2.2646,-0.2847,1]},
{"frame":39,"values":[1,0,0,0,0,-0.9667,0.256,0,0,0.256,0.9667,0,-0.717,-2.2725,-0.207,1]},
{"frame":40,"values":[1,0,0,0,0,-0.9667,0.256,0,0,0.256,0.9667,0,-0.717,-2.2816,-0.1281,1]},
{"frame":41,"values":[1,0,0,0,0,-0.9667,0.256,0,0,0.256,0.9667,0,-0.717,-2.2919,-0.0484,1]},
{"frame":42,"values":[1,0,0,0,0,-0.9667,0.256,0,0,0.256,0.9667,0,-0.717,-2.3031,0.0319,1]},
{"frame":43,"values":[1,0,0,0,0,-0.9667,0.256,0,0,0.256,0.9667,0,-0.717,-2.315,0.1127,1]},
{"frame":44,"values":[1,0,0,0,0,-0.9667,0.256,0,0,0.256,0.9667,0,-0.717,-2.3273,0.1938,1]},
{"frame":45,"values":[1,0,0,0,0,-0.9667,0.256,0,0,0.256,0.9667,0,-0.717,-2.3395,0.2748,1]}],"loopBehavior":1,"name":"anim","property":"_matrix"}},
{"name":"knee.r","index":3,"matrix":[1,0,0,0,0,-0.2364,-0.9717,0,0,0.9717,-0.2364,0,0.0503,-1.5683,-2.4535,1],"rest":[1,0,0,0,0,-0.2364,-0.9717,0,0,0.9725,-0.2366,0,0.0503,-1.5683,-2.4535,1],"parentBoneIndex":2,"length":0.7284
,"animation":{"dataType":3,"framePerSecond":24,"keys":[
{"frame":1,"values":[1,0,0,0,0,-0.2364,-0.9717,0,0,0.9717,-0.2364,0,0.0503,-1.5683,-2.4535,1]},
{"frame":2,"values":[1,0,0,0,0,-0.2364,-0.9717,0,0,0.9717,-0.2364,0,0.0503,-1.5683,-2.4535,1]},
{"frame":11,"values":[1,0,0,0,0,-0.2364,-0.9717,0,0,0.9717,-0.2364,0,0.0503,-1.5683,-2.4535,1]},
{"frame":45,"values":[1,0,0,0,0,-0.2364,-0.9717,0,0,0.9717,-0.2364,0,0.0503,-1.5683,-2.4535,1]}],"loopBehavior":1,"name":"anim","property":"_matrix"}},
{"name":"Pelvis","index":4,"matrix":[1,0,0,0,0,-0.013,-0.9999,0,0,-0.9999,0.013,0,0,-0.5736,1.0982,1],"rest":[1,0,0,0,0,-0.013,-0.9999,0,0,-0.9989,0.013,0,0,-0.5736,1.0982,1],"parentBoneIndex":-1,"length":1.0983
,"animation":{"dataType":3,"framePerSecond":24,"keys":[
{"frame":1,"values":[1,0,0,0,0,-0.013,-0.9999,0,0,-0.9999,0.013,0,0,-0.5736,1.0982,1]},
{"frame":2,"values":[1,0,0,0,0,-0.013,-0.9999,0,0,-0.9999,0.013,0,0,-0.5736,1.0982,1]},
{"frame":11,"values":[1,0,0,0,0,-0.013,-0.9999,0,0,-0.9999,0.013,0,0,-0.5736,1.0982,1]},
{"frame":45,"values":[1,0,0,0,0,-0.013,-0.9999,0,0,-0.9999,0.013,0,0,-0.5736,1.0982,1]}],"loopBehavior":1,"name":"anim","property":"_matrix"}},
{"name":"Spine","index":5,"matrix":[1,0,0,0,0,-0.013,-0.9999,0,0,0.9999,-0.013,0,0,1.0983,0,1],"rest":[1,0,0,0,0,-0.013,-1.0009,0,0,0.9999,-0.013,0,0,1.0983,0,1],"parentBoneIndex":4,"length":0.4337
,"animation":{"dataType":3,"framePerSecond":24,"keys":[
{"frame":1,"values":[1,0,0,0,0,-0.013,-0.9999,0,0,0.9999,-0.013,0,0,1.0983,0,1]},
{"frame":2,"values":[1,0,0,0,0,-0.013,-0.9999,0,0,0.9999,-0.013,0,0,1.0983,0,1]},
{"frame":11,"values":[1,0,0,0,0,-0.013,-0.9999,0,0,0.9999,-0.013,0,0,1.0983,0,1]},
{"frame":45,"values":[1,0,0,0,0,-0.013,-0.9999,0,0,0.9999,-0.013,0,0,1.0983,0,1]}],"loopBehavior":1,"name":"anim","property":"_matrix"}},
{"name":"Abdomen","index":6,"matrix":[1,0,0,0,0,0.973,-0.2307,0,0,0.2307,0.973,0,0,0.4337,0,1],"rest":[1,0,0,0,0,0.973,-0.2307,0,0,0.2307,0.973,0,0,0.4337,0,1],"parentBoneIndex":5,"length":0.6973
,"animation":{"dataType":3,"framePerSecond":24,"keys":[
{"frame":1,"values":[1,0,0,0,0,0.973,-0.2307,0,0,0.2307,0.973,0,0,0.4337,0,1]},
{"frame":2,"values":[1,0,0,0,0,0.973,-0.2307,0,0,0.2307,0.973,0,0,0.4337,0,1]},
{"frame":11,"values":[1,0,0,0,0,0.973,-0.2307,0,0,0.2307,0.973,0,0,0.4337,0,1]},
{"frame":45,"values":[1,0,0,0,0,0.973,-0.2307,0,0,0.2307,0.973,0,0,0.4337,0,1]}],"loopBehavior":1,"name":"anim","property":"_matrix"}},
{"name":"Chest","index":7,"matrix":[1,0,0,0,0,0.9985,0.0547,0,0,-0.0547,0.9985,0,0,0.6973,0,1],"rest":[1,0,0,0,0,0.9985,0.0547,0,0,-0.0547,0.9985,0,0,0.6973,0,1],"parentBoneIndex":6,"length":0.3554
,"animation":{"dataType":3,"framePerSecond":24,"keys":[
{"frame":1,"values":[1,0,0,0,0,0.9985,0.0547,0,0,-0.0547,0.9985,0,0,0.6973,0,1]},
{"frame":2,"values":[1,0,0,0,0,0.9985,0.0547,0,0,-0.0547,0.9985,0,0,0.6973,0,1]},
{"frame":11,"values":[1,0,0,0,0,0.9985,0.0547,0,0,-0.0547,0.9985,0,0,0.6973,0,1]},
{"frame":45,"values":[1,0,0,0,0,0.9985,0.0547,0,0,-0.0547,0.9985,0,0,0.6973,0,1]}],"loopBehavior":1,"name":"anim","property":"_matrix"}},
{"name":"Neck","index":8,"matrix":[1,0,0,0,0,0.8431,0.5378,0,0,-0.5378,0.8431,0,0,0.3554,0,1],"rest":[1,0,0,0,0,0.8431,0.5378,0,0,-0.5378,0.8431,0,0,0.3554,0,1],"parentBoneIndex":7,"length":0.4235
,"animation":{"dataType":3,"framePerSecond":24,"keys":[
{"frame":1,"values":[1,0,0,0,0,0.8431,0.5378,0,0,-0.5378,0.8431,0,0,0.3554,0,1]},
{"frame":2,"values":[1,0,0,0,0,0.8431,0.5378,0,0,-0.5378,0.8431,0,0,0.3554,0,1]},
{"frame":11,"values":[1,0,0,0,0,0.8431,0.5378,0,0,-0.5378,0.8431,0,0,0.3554,0,1]},
{"frame":45,"values":[1,0,0,0,0,0.8431,0.5378,0,0,-0.5378,0.8431,0,0,0.3554,0,1]}],"loopBehavior":1,"name":"anim","property":"_matrix"}},
{"name":"Head","index":9,"matrix":[1,0,0,0,0,0.925,-0.3799,0,0,0.3799,0.925,0,0,0.4235,0,1],"rest":[1,0,0,0,0,0.925,-0.3799,0,0,0.3799,0.925,0,0,0.4235,0,1],"parentBoneIndex":8,"length":1.1542
,"animation":{"dataType":3,"framePerSecond":24,"keys":[
{"frame":1,"values":[1,0,0,0,0,0.925,-0.3799,0,0,0.3799,0.925,0,0,0.4235,0,1]},
{"frame":2,"values":[1,0,0,0,0,0.925,-0.3799,0,0,0.3799,0.925,0,0,0.4235,0,1]},
{"frame":11,"values":[1,0,0,0,0,0.925,-0.3799,0,0,0.3799,0.925,0,0,0.4235,0,1]},
{"frame":45,"values":[1,0,0,0,0,0.925,-0.3799,0,0,0.3799,0.925,0,0,0.4235,0,1]}],"loopBehavior":1,"name":"anim","property":"_matrix"}},
{"name":"collar.l","index":10,"matrix":[-0.0012,-0.1917,0.9815,0,0.9996,0.0281,0.0067,0,-0.0289,0.9811,0.1915,0,0,0.6973,0,1],"rest":[-0.0012,-0.1917,0.9815,0,0.9996,0.0281,0.0067,0,-0.0289,0.9811,0.1915,0,0,0.6973,0,1],"parentBoneIndex":6,"length":0.5604
,"animation":{"dataType":3,"framePerSecond":24,"keys":[
{"frame":1,"values":[-0.0012,-0.1917,0.9815,0,0.9996,0.0281,0.0067,0,-0.0289,0.9811,0.1915,0,0,0.6973,0,1]},
{"frame":2,"values":[-0.0012,-0.1917,0.9815,0,0.9996,0.0281,0.0067,0,-0.0289,0.9811,0.1915,0,0,0.6973,0,1]},
{"frame":11,"values":[-0.0012,-0.1917,0.9815,0,0.9996,0.0281,0.0067,0,-0.0289,0.9811,0.1915,0,0,0.6973,0,1]},
{"frame":45,"values":[-0.0012,-0.1917,0.9815,0,0.9996,0.0281,0.0067,0,-0.0289,0.9811,0.1915,0,0,0.6973,0,1]}],"loopBehavior":1,"name":"anim","property":"_matrix"}},
{"name":"Upperarm.l","index":11,"matrix":[0.9988,0.0204,-0.0438,0,-0.0482,0.3566,-0.933,0,-0.0034,0.934,0.3572,0,0,0.5604,0,1],"rest":[0.9998,0,-0.0178,0,0,1,-0.0007,0,0.0178,0.0007,0.9998,0,0,0.5604,0,1],"parentBoneIndex":10,"length":0.5735
,"animation":{"dataType":3,"framePerSecond":24,"keys":[
{"frame":1,"values":[0.9988,0.0204,-0.0438,0,-0.0482,0.3566,-0.933,0,-0.0034,0.934,0.3572,0,0,0.5604,0,1]},
{"frame":2,"values":[0.9988,0.0204,-0.0438,0,-0.0482,0.3566,-0.933,0,-0.0034,0.934,0.3572,0,0,0.5604,0,1]},
{"frame":11,"values":[0.9988,0.0204,-0.0438,0,-0.0482,0.3566,-0.933,0,-0.0034,0.934,0.3572,0,0,0.5604,0,1]},
{"frame":12,"values":[0.992,0.0184,-0.1247,0,-0.1231,0.354,-0.9271,0,0.0271,0.9351,0.3535,0,0,0.5604,0,1]},
{"frame":13,"values":[0.9786,0.0162,-0.205,0,-0.1974,0.3529,-0.9146,0,0.0575,0.9355,0.3486,0,0,0.5604,0,1]},
{"frame":14,"values":[0.9594,0.0141,-0.2818,0,-0.2684,0.3533,-0.8962,0,0.0869,0.9354,0.3427,0,0,0.5604,0,1]},
{"frame":15,"values":[0.936,0.0124,-0.3519,0,-0.3331,0.3549,-0.8736,0,0.114,0.9348,0.3363,0,0,0.5604,0,1]},
{"frame":16,"values":[0.9108,0.011,-0.4127,0,-0.3891,0.3571,-0.8492,0,0.138,0.934,0.3295,0,0,0.5604,0,1]},
{"frame":17,"values":[0.8867,0.0099,-0.4622,0,-0.4345,0.3595,-0.8258,0,0.158,0.9331,0.323,0,0,0.5604,0,1]},
{"frame":18,"values":[0.866,0.0088,-0.5,0,-0.469,0.3614,-0.8059,0,0.1736,0.9324,0.3171,0,0,0.5604,0,1]},
{"frame":19,"values":[0.8504,0.0077,-0.5261,0,-0.4927,0.3624,-0.7911,0,0.1846,0.932,0.3119,0,0,0.5604,0,1]},
{"frame":20,"values":[0.8406,0.0066,-0.5416,0,-0.5069,0.3622,-0.7822,0,0.191,0.9321,0.3078,0,0,0.5604,0,1]},
{"frame":21,"values":[0.8367,0.0057,-0.5476,0,-0.5125,0.3605,-0.7793,0,0.193,0.9327,0.3046,0,0,0.5604,0,1]},
{"frame":22,"values":[0.8438,0.0051,-0.5367,0,-0.5027,0.3578,-0.7869,0,0.188,0.9338,0.3045,0,0,0.5604,0,1]},
{"frame":23,"values":[0.8663,0.0049,-0.4996,0,-0.4687,0.3544,-0.8092,0,0.1731,0.9351,0.3093,0,0,0.5604,0,1]},
{"frame":24,"values":[0.9012,0.0053,-0.4333,0,-0.4075,0.3502,-0.8434,0,0.1473,0.9367,0.3177,0,0,0.5604,0,1]},
{"frame":25,"values":[0.9421,0.0066,-0.3352,0,-0.3167,0.3453,-0.8834,0,0.11,0.9385,0.3274,0,0,0.5604,0,1]},
{"frame":26,"values":[0.9787,0.009,-0.2053,0,-0.196,0.3401,-0.9197,0,0.0615,0.9403,0.3347,0,0,0.5604,0,1]},
{"frame":27,"values":[0.9987,0.0128,-0.0491,0,-0.0506,0.335,-0.9408,0,0.0044,0.9421,0.3353,0,0,0.5604,0,1]},
{"frame":28,"values":[0.9926,0.0178,0.1205,0,0.1079,0.3306,-0.9376,0,-0.0565,0.9436,0.3262,0,0,0.5604,0,1]},
{"frame":29,"values":[0.9579,0.0234,0.2861,0,0.263,0.3273,-0.9076,0,-0.1149,0.9446,0.3074,0,0,0.5604,0,1]},
{"frame":30,"values":[0.9015,0.029,0.4317,0,0.3999,0.3252,-0.8569,0,-0.1652,0.9452,0.2816,0,0,0.5604,0,1]},
{"frame":31,"values":[0.8358,0.0339,0.548,0,0.5094,0.3243,-0.7971,0,-0.2047,0.9454,0.2537,0,0,0.5604,0,1]},
{"frame":32,"values":[0.7735,0.0378,0.6326,0,0.5894,0.324,-0.74,0,-0.233,0.9453,0.2283,0,0,0.5604,0,1]},
{"frame":33,"values":[0.7241,0.0406,0.6885,0,0.6422,0.3241,-0.6946,0,-0.2513,0.9452,0.2086,0,0,0.5604,0,1]},
{"frame":34,"values":[0.6931,0.0422,0.7196,0,0.6717,0.3242,-0.6661,0,-0.2614,0.945,0.1964,0,0,0.5604,0,1]},
{"frame":35,"values":[0.6827,0.0427,0.7295,0,0.6811,0.3243,-0.6564,0,-0.2646,0.945,0.1923,0,0,0.5604,0,1]},
{"frame":36,"values":[0.6897,0.0418,0.7228,0,0.6751,0.3237,-0.6629,0,-0.2617,0.9452,0.1951,0,0,0.5604,0,1]},
{"frame":37,"values":[0.7109,0.0393,0.7022,0,0.6561,0.3224,-0.6824,0,-0.2531,0.9458,0.2034,0,0,0.5604,0,1]},
{"frame":38,"values":[0.7453,0.036,0.6657,0,0.6222,0.321,-0.714,0,-0.2394,0.9464,0.2168,0,0,0.5604,0,1]},
{"frame":39,"values":[0.7906,0.0325,0.6115,0,0.5713,0.3205,-0.7556,0,-0.2205,0.9467,0.2348,0,0,0.5604,0,1]},
{"frame":40,"values":[0.8424,0.0291,0.5381,0,0.5018,0.3215,-0.803,0,-0.1964,0.9465,0.2562,0,0,0.5604,0,1]},
{"frame":41,"values":[0.895,0.026,0.4454,0,0.4138,0.3245,-0.8506,0,-0.1666,0.9455,0.2797,0,0,0.5604,0,1]},
{"frame":42,"values":[0.9418,0.0232,0.3353,0,0.3094,0.3297,-0.8919,0,-0.1313,0.9438,0.3033,0,0,0.5604,0,1]},
{"frame":43,"values":[0.9769,0.0209,0.2126,0,0.1933,0.3369,-0.9215,0,-0.0909,0.9413,0.3251,0,0,0.5604,0,1]},
{"frame":44,"values":[0.9963,0.0196,0.0837,0,0.0718,0.3461,-0.9355,0,-0.0473,0.938,0.3434,0,0,0.5604,0,1]},
{"frame":45,"values":[0.9988,0.0204,-0.0438,0,-0.0482,0.3566,-0.933,0,-0.0034,0.934,0.3572,0,0,0.5604,0,1]}],"loopBehavior":1,"name":"anim","property":"_matrix"}},
{"name":"lowerarm.l","index":12,"matrix":[0.0076,-0.0226,-0.9997,0,0.2509,0.9678,-0.0199,0,0.968,-0.2507,0.013,0,0,0.5735,0,1],"rest":[0.9994,-0.0004,-0.0334,0,-0.0009,0.9992,-0.0395,0,0.0334,0.0395,0.9987,0,0,0.5735,0,1],"parentBoneIndex":11,"length":0.7206
,"animation":{"dataType":3,"framePerSecond":24,"keys":[
{"frame":1,"values":[0.0076,-0.0226,-0.9997,0,0.2509,0.9678,-0.0199,0,0.968,-0.2507,0.013,0,0,0.5735,0,1]},
{"frame":2,"values":[0.0076,-0.0226,-0.9997,0,0.2509,0.9678,-0.0199,0,0.968,-0.2507,0.013,0,0,0.5735,0,1]},
{"frame":11,"values":[0.0076,-0.0226,-0.9997,0,0.2509,0.9678,-0.0199,0,0.968,-0.2507,0.013,0,0,0.5735,0,1]},
{"frame":22,"values":[0.007,-0.0225,-0.9997,0,0.2502,0.968,-0.02,0,0.9682,-0.25,0.0124,0,0,0.5735,0,1]},
{"frame":23,"values":[0.005,-0.0222,-0.9997,0,0.248,0.9685,-0.0202,0,0.9687,-0.2478,0.0104,0,0,0.5735,0,1]},
{"frame":24,"values":[0.0018,-0.0217,-0.9998,0,0.2444,0.9695,-0.0206,0,0.9697,-0.2443,0.0071,0,0,0.5735,0,1]},
{"frame":25,"values":[-0.0026,-0.0211,-0.9998,0,0.2394,0.9707,-0.0211,0,0.9709,-0.2394,0.0025,0,0,0.5735,0,1]},
{"frame":26,"values":[-0.008,-0.0204,-0.9998,0,0.2333,0.9722,-0.0217,0,0.9724,-0.2334,-0.003,0,0,0.5735,0,1]},
{"frame":27,"values":[-0.0142,-0.0197,-0.9997,0,0.2263,0.9738,-0.0224,0,0.974,-0.2266,-0.0094,0,0,0.5735,0,1]},
{"frame":28,"values":[-0.0208,-0.0189,-0.9996,0,0.2188,0.9755,-0.023,0,0.9755,-0.2192,-0.0162,0,0,0.5735,0,1]},
{"frame":29,"values":[-0.0274,-0.0182,-0.9995,0,0.2114,0.9771,-0.0236,0,0.977,-0.2119,-0.023,0,0,0.5735,0,1]},
{"frame":30,"values":[-0.0336,-0.0175,-0.9993,0,0.2043,0.9786,-0.0241,0,0.9783,-0.205,-0.0293,0,0,0.5735,0,1]},
{"frame":31,"values":[-0.0391,-0.017,-0.9991,0,0.1981,0.9799,-0.0245,0,0.9794,-0.1989,-0.0349,0,0,0.5735,0,1]},
{"frame":32,"values":[-0.0435,-0.0166,-0.9989,0,0.1931,0.9809,-0.0247,0,0.9802,-0.194,-0.0395,0,0,0.5735,0,1]},
{"frame":33,"values":[-0.0468,-0.0164,-0.9988,0,0.1894,0.9816,-0.0249,0,0.9808,-0.1904,-0.0428,0,0,0.5735,0,1]},
{"frame":34,"values":[-0.0487,-0.0162,-0.9987,0,0.1872,0.982,-0.0251,0,0.9811,-0.1882,-0.0448,0,0,0.5735,0,1]},
{"frame":35,"values":[-0.0493,-0.0161,-0.9987,0,0.1865,0.9821,-0.0251,0,0.9812,-0.1875,-0.0455,0,0,0.5735,0,1]},
{"frame":36,"values":[-0.0481,-0.0162,-0.9987,0,0.1879,0.9819,-0.025,0,0.981,-0.1889,-0.0442,0,0,0.5735,0,1]},
{"frame":37,"values":[-0.0443,-0.0166,-0.9989,0,0.1923,0.981,-0.0248,0,0.9803,-0.1931,-0.0403,0,0,0.5735,0,1]},
{"frame":38,"values":[-0.0381,-0.0171,-0.9991,0,0.1993,0.9796,-0.0244,0,0.9792,-0.2,-0.0339,0,0,0.5735,0,1]},
{"frame":39,"values":[-0.03,-0.0179,-0.9994,0,0.2085,0.9777,-0.0238,0,0.9776,-0.2091,-0.0256,0,0,0.5735,0,1]},
{"frame":40,"values":[-0.0208,-0.0189,-0.9996,0,0.2188,0.9755,-0.023,0,0.9755,-0.2192,-0.0162,0,0,0.5735,0,1]},
{"frame":41,"values":[-0.0117,-0.02,-0.9997,0,0.2292,0.9731,-0.0221,0,0.9733,-0.2294,-0.0068,0,0,0.5735,0,1]},
{"frame":42,"values":[-0.0036,-0.021,-0.9998,0,0.2383,0.971,-0.0213,0,0.9712,-0.2383,0.0015,0,0,0.5735,0,1]},
{"frame":43,"values":[0.0026,-0.0218,-0.9998,0,0.2452,0.9692,-0.0205,0,0.9695,-0.2451,0.0078,0,0,0.5735,0,1]},
{"frame":44,"values":[0.0063,-0.0224,-0.9997,0,0.2495,0.9682,-0.0201,0,0.9684,-0.2493,0.0117,0,0,0.5735,0,1]},
{"frame":45,"values":[0.0076,-0.0226,-0.9997,0,0.2509,0.9678,-0.0199,0,0.968,-0.2507,0.013,0,0,0.5735,0,1]}],"loopBehavior":1,"name":"anim","property":"_matrix"}},
{"name":"palm.l","index":13,"matrix":[1,0,-0.0021,0,0,1,-0.0021,0,0.0021,0.0021,1,0,0,0.7206,0,1],"rest":[1,0,-0.0021,0,0,1,-0.0021,0,0.0021,0.0021,1,0,0,0.7206,0,1],"parentBoneIndex":12,"length":0.3036
,"animation":{"dataType":3,"framePerSecond":24,"keys":[
{"frame":1,"values":[1,0,-0.0021,0,0,1,-0.0021,0,0.0021,0.0021,1,0,0,0.7206,0,1]},
{"frame":2,"values":[1,0,-0.0021,0,0,1,-0.0021,0,0.0021,0.0021,1,0,0,0.7206,0,1]},
{"frame":11,"values":[1,0,-0.0021,0,0,1,-0.0021,0,0.0021,0.0021,1,0,0,0.7206,0,1]},
{"frame":45,"values":[1,0,-0.0021,0,0,1,-0.0021,0,0.0021,0.0021,1,0,0,0.7206,0,1]}],"loopBehavior":1,"name":"anim","property":"_matrix"}},
{"name":"index.l","index":14,"matrix":[1,0.0031,-0.0017,0,-0.0026,0.9734,0.2292,0,0.0024,-0.2292,0.9734,0,-0.0014,1.1078,0.1217,1],"rest":[1,0.0031,-0.0017,0,-0.0026,0.9734,0.2292,0,0.0024,-0.2292,0.9734,0,-0.0014,1.1078,0.1217,1],"parentBoneIndex":12,"length":0.3152
,"animation":{"dataType":3,"framePerSecond":24,"keys":[
{"frame":1,"values":[1,0.0031,-0.0017,0,-0.0026,0.9734,0.2292,0,0.0024,-0.2292,0.9734,0,-0.0014,1.1078,0.1217,1]},
{"frame":2,"values":[1,0.0031,-0.0017,0,-0.0026,0.9734,0.2292,0,0.0024,-0.2292,0.9734,0,-0.0014,1.1078,0.1217,1]},
{"frame":11,"values":[1,0.0031,-0.0017,0,-0.0026,0.9734,0.2292,0,0.0024,-0.2292,0.9734,0,-0.0014,1.1078,0.1217,1]},
{"frame":45,"values":[1,0.0031,-0.0017,0,-0.0026,0.9734,0.2292,0,0.0024,-0.2292,0.9734,0,-0.0014,1.1078,0.1217,1]}],"loopBehavior":1,"name":"anim","property":"_matrix"}},
{"name":"thumb.l","index":15,"matrix":[0.9999,0.0133,0.0106,0,-0.0112,0.0512,0.9986,0,0.0128,-0.9986,0.0513,0,-0.0016,0.9133,0.1398,1],"rest":[0.9999,0.0133,0.0106,0,-0.0112,0.0512,0.9986,0,0.0128,-0.9986,0.0513,0,-0.0016,0.9133,0.1398,1],"parentBoneIndex":12,"length":0.2596
,"animation":{"dataType":3,"framePerSecond":24,"keys":[
{"frame":1,"values":[0.9999,0.0133,0.0106,0,-0.0112,0.0512,0.9986,0,0.0128,-0.9986,0.0513,0,-0.0016,0.9133,0.1398,1]},
{"frame":2,"values":[0.9999,0.0133,0.0106,0,-0.0112,0.0512,0.9986,0,0.0128,-0.9986,0.0513,0,-0.0016,0.9133,0.1398,1]},
{"frame":11,"values":[0.9999,0.0133,0.0106,0,-0.0112,0.0512,0.9986,0,0.0128,-0.9986,0.0513,0,-0.0016,0.9133,0.1398,1]},
{"frame":45,"values":[0.9999,0.0133,0.0106,0,-0.0112,0.0512,0.9986,0,0.0128,-0.9986,0.0513,0,-0.0016,0.9133,0.1398,1]}],"loopBehavior":1,"name":"anim","property":"_matrix"}},
{"name":"middle.l","index":16,"matrix":[1,0,-0.0021,0,0,1,-0.0021,0,0.0021,0.0021,1,0,-0.0002,1.1252,0.0207,1],"rest":[1,0,-0.0021,0,0,1,-0.0021,0,0.0021,0.0021,1,0,-0.0002,1.1252,0.0207,1],"parentBoneIndex":12,"length":0.3036
,"animation":{"dataType":3,"framePerSecond":24,"keys":[
{"frame":1,"values":[1,0,-0.0021,0,0,1,-0.0021,0,0.0021,0.0021,1,0,-0.0002,1.1252,0.0207,1]},
{"frame":2,"values":[1,0,-0.0021,0,0,1,-0.0021,0,0.0021,0.0021,1,0,-0.0002,1.1252,0.0207,1]},
{"frame":11,"values":[1,0,-0.0021,0,0,1,-0.0021,0,0.0021,0.0021,1,0,-0.0002,1.1252,0.0207,1]},
{"frame":45,"values":[1,0,-0.0021,0,0,1,-0.0021,0,0.0021,0.0021,1,0,-0.0002,1.1252,0.0207,1]}],"loopBehavior":1,"name":"anim","property":"_matrix"}},
{"name":"little.l","index":17,"matrix":[1,-0.003,-0.0017,0,0.0026,0.9735,-0.2285,0,0.0024,0.2285,0.9736,0,0.0012,1.1145,-0.1089,1],"rest":[1,-0.003,-0.0017,0,0.0026,0.9735,-0.2285,0,0.0024,0.2285,0.9736,0,0.0012,1.1145,-0.1089,1],"parentBoneIndex":12,"length":0.3043
,"animation":{"dataType":3,"framePerSecond":24,"keys":[
{"frame":1,"values":[1,-0.003,-0.0017,0,0.0026,0.9735,-0.2285,0,0.0024,0.2285,0.9736,0,0.0012,1.1145,-0.1089,1]},
{"frame":2,"values":[1,-0.003,-0.0017,0,0.0026,0.9735,-0.2285,0,0.0024,0.2285,0.9736,0,0.0012,1.1145,-0.1089,1]},
{"frame":11,"values":[1,-0.003,-0.0017,0,0.0026,0.9735,-0.2285,0,0.0024,0.2285,0.9736,0,0.0012,1.1145,-0.1089,1]},
{"frame":45,"values":[1,-0.003,-0.0017,0,0.0026,0.9735,-0.2285,0,0.0024,0.2285,0.9736,0,0.0012,1.1145,-0.1089,1]}],"loopBehavior":1,"name":"anim","property":"_matrix"}},
{"name":"collar.r","index":18,"matrix":[-0.0012,0.1917,-0.9815,0,-0.9996,0.0281,0.0067,0,0.0289,0.9811,0.1915,0,0,0.6973,0,1],"rest":[-0.0012,0.1917,-0.9815,0,-0.9996,0.0281,0.0067,0,0.0289,0.9811,0.1915,0,0,0.6973,0,1],"parentBoneIndex":6,"length":0.5604
,"animation":{"dataType":3,"framePerSecond":24,"keys":[
{"frame":1,"values":[-0.0012,0.1917,-0.9815,0,-0.9996,0.0281,0.0067,0,0.0289,0.9811,0.1915,0,0,0.6973,0,1]},
{"frame":2,"values":[-0.0012,0.1917,-0.9815,0,-0.9996,0.0281,0.0067,0,0.0289,0.9811,0.1915,0,0,0.6973,0,1]},
{"frame":11,"values":[-0.0012,0.1917,-0.9815,0,-0.9996,0.0281,0.0067,0,0.0289,0.9811,0.1915,0,0,0.6973,0,1]},
{"frame":45,"values":[-0.0012,0.1917,-0.9815,0,-0.9996,0.0281,0.0067,0,0.0289,0.9811,0.1915,0,0,0.6973,0,1]}],"loopBehavior":1,"name":"anim","property":"_matrix"}},
{"name":"Upperarm.r","index":19,"matrix":[0.9997,-0.0216,0.0144,0,0.0205,0.3151,-0.9488,0,0.016,0.9488,0.3154,0,0,0.5604,0,1],"rest":[0.9998,0,0.0178,0,0,1,-0.0007,0,-0.0178,0.0007,0.9998,0,0,0.5604,0,1],"parentBoneIndex":18,"length":0.5735
,"animation":{"dataType":3,"framePerSecond":24,"keys":[
{"frame":1,"values":[0.9997,-0.0216,0.0144,0,0.0205,0.3151,-0.9488,0,0.016,0.9488,0.3154,0,0,0.5604,0,1]},
{"frame":2,"values":[0.9997,-0.0216,0.0144,0,0.0205,0.3151,-0.9488,0,0.016,0.9488,0.3154,0,0,0.5604,0,1]},
{"frame":11,"values":[0.9997,-0.0216,0.0144,0,0.0205,0.3151,-0.9488,0,0.016,0.9488,0.3154,0,0,0.5604,0,1]},
{"frame":12,"values":[0.9937,-0.0251,-0.1089,0,-0.0961,0.3055,-0.9473,0,0.0571,0.9519,0.3012,0,0,0.5604,0,1]},
{"frame":13,"values":[0.9721,-0.0296,-0.2329,0,-0.2136,0.2996,-0.9298,0,0.0973,0.9536,0.2849,0,0,0.5604,0,1]},
{"frame":14,"values":[0.9358,-0.0341,-0.3508,0,-0.3256,0.2976,-0.8975,0,0.135,0.9541,0.2674,0,0,0.5604,0,1]},
{"frame":15,"values":[0.8888,-0.0377,-0.4567,0,-0.4261,0.299,-0.8538,0,0.1687,0.9535,0.2497,0,0,0.5604,0,1]},
{"frame":16,"values":[0.8367,-0.04,-0.5461,0,-0.5106,0.3031,-0.8046,0,0.1978,0.9521,0.2332,0,0,0.5604,0,1]},
{"frame":17,"values":[0.786,-0.0413,-0.6168,0,-0.5771,0.3087,-0.7561,0,0.2217,0.9502,0.2188,0,0,0.5604,0,1]},
{"frame":18,"values":[0.7422,-0.042,-0.6689,0,-0.6256,0.3146,-0.7139,0,0.2404,0.9483,0.2073,0,0,0.5604,0,1]},
{"frame":19,"values":[0.7093,-0.0423,-0.7037,0,-0.6576,0.3197,-0.6821,0,0.2538,0.9466,0.1989,0,0,0.5604,0,1]},
{"frame":20,"values":[0.6893,-0.0426,-0.7233,0,-0.6755,0.3231,-0.6628,0,0.2619,0.9454,0.1939,0,0,0.5604,0,1]},
{"frame":21,"values":[0.6827,-0.0427,-0.7295,0,-0.6811,0.3243,-0.6564,0,0.2646,0.945,0.1923,0,0,0.5604,0,1]},
{"frame":22,"values":[0.6932,-0.0422,-0.7196,0,-0.6717,0.3243,-0.6661,0,0.2615,0.945,0.1965,0,0,0.5604,0,1]},
{"frame":23,"values":[0.7243,-0.0405,-0.6883,0,-0.642,0.3243,-0.6947,0,0.2514,0.9451,0.2089,0,0,0.5604,0,1]},
{"frame":24,"values":[0.7738,-0.0376,-0.6323,0,-0.589,0.3246,-0.7401,0,0.233,0.9451,0.229,0,0,0.5604,0,1]},
{"frame":25,"values":[0.8362,-0.0336,-0.5474,0,-0.5087,0.3252,-0.7971,0,0.2048,0.945,0.2549,0,0,0.5604,0,1]},
{"frame":26,"values":[0.902,-0.0286,-0.4309,0,-0.3989,0.3267,-0.8568,0,0.1652,0.9447,0.2833,0,0,0.5604,0,1]},
{"frame":27,"values":[0.9583,-0.023,-0.285,0,-0.2619,0.3293,-0.9072,0,0.1147,0.9439,0.3095,0,0,0.5604,0,1]},
{"frame":28,"values":[0.9927,-0.0176,-0.1194,0,-0.1068,0.3331,-0.9368,0,0.0562,0.9427,0.3288,0,0,0.5604,0,1]},
{"frame":29,"values":[0.9987,-0.0128,0.05,0,0.0514,0.3378,-0.9398,0,-0.0048,0.9411,0.338,0,0,0.5604,0,1]},
{"frame":30,"values":[0.9785,-0.0093,0.2058,0,0.1965,0.343,-0.9185,0,-0.0621,0.9393,0.3375,0,0,0.5604,0,1]},
{"frame":31,"values":[0.942,-0.007,0.3355,0,0.3168,0.3481,-0.8823,0,-0.1106,0.9374,0.3301,0,0,0.5604,0,1]},
{"frame":32,"values":[0.9012,-0.0058,0.4333,0,0.4073,0.3525,-0.8425,0,-0.1479,0.9358,0.3201,0,0,0.5604,0,1]},
{"frame":33,"values":[0.8663,-0.0054,0.4994,0,0.4684,0.3561,-0.8086,0,-0.1735,0.9344,0.311,0,0,0.5604,0,1]},
{"frame":34,"values":[0.8438,-0.0054,0.5366,0,0.5025,0.3588,-0.7866,0,-0.1883,0.9334,0.3055,0,0,0.5604,0,1]},
{"frame":35,"values":[0.8367,-0.0057,0.5476,0,0.5125,0.3605,-0.7793,0,-0.193,0.9327,0.3046,0,0,0.5604,0,1]},
{"frame":36,"values":[0.8408,-0.0058,0.5414,0,0.5067,0.3607,-0.7831,0,-0.1907,0.9327,0.3062,0,0,0.5604,0,1]},
{"frame":37,"values":[0.8513,-0.0056,0.5246,0,0.4914,0.3584,-0.7938,0,-0.1836,0.9336,0.3079,0,0,0.5604,0,1]},
{"frame":38,"values":[0.8683,-0.0051,0.4961,0,0.4656,0.3538,-0.8112,0,-0.1713,0.9353,0.3096,0,0,0.5604,0,1]},
{"frame":39,"values":[0.8905,-0.0049,0.455,0,0.4282,0.3472,-0.8343,0,-0.1538,0.9378,0.3113,0,0,0.5604,0,1]},
{"frame":40,"values":[0.916,-0.0054,0.4012,0,0.379,0.3394,-0.8609,0,-0.1315,0.9406,0.3129,0,0,0.5604,0,1]},
{"frame":41,"values":[0.9419,-0.0068,0.3358,0,0.3189,0.3313,-0.888,0,-0.1052,0.9435,0.3142,0,0,0.5604,0,1]},
{"frame":42,"values":[0.9653,-0.0094,0.2611,0,0.25,0.3241,-0.9124,0,-0.0761,0.946,0.3152,0,0,0.5604,0,1]},
{"frame":43,"values":[0.9835,-0.0129,0.1805,0,0.1751,0.3186,-0.9316,0,-0.0454,0.9478,0.3156,0,0,0.5604,0,1]},
{"frame":44,"values":[0.9951,-0.0172,0.0972,0,0.0976,0.3155,-0.9439,0,-0.0145,0.9488,0.3157,0,0,0.5604,0,1]},
{"frame":45,"values":[0.9997,-0.0216,0.0144,0,0.0205,0.3151,-0.9488,0,0.016,0.9488,0.3154,0,0,0.5604,0,1]}],"loopBehavior":1,"name":"anim","property":"_matrix"}},
{"name":"lowerarm.r","index":20,"matrix":[-0.0493,0.0161,0.9987,0,-0.1865,0.9821,-0.0251,0,-0.9812,-0.1875,-0.0455,0,0,0.5735,0,1],"rest":[0.9994,0.0004,0.0334,0,0.0009,0.9992,-0.0395,0,-0.0334,0.0395,0.9987,0,0,0.5735,0,1],"parentBoneIndex":19,"length":0.7206
,"animation":{"dataType":3,"framePerSecond":24,"keys":[
{"frame":1,"values":[-0.0493,0.0161,0.9987,0,-0.1865,0.9821,-0.0251,0,-0.9812,-0.1875,-0.0455,0,0,0.5735,0,1]},
{"frame":2,"values":[-0.0493,0.0161,0.9987,0,-0.1865,0.9821,-0.0251,0,-0.9812,-0.1875,-0.0455,0,0,0.5735,0,1]},
{"frame":11,"values":[-0.0493,0.0161,0.9987,0,-0.1865,0.9821,-0.0251,0,-0.9812,-0.1875,-0.0455,0,0,0.5735,0,1]},
{"frame":22,"values":[-0.0487,0.0162,0.9987,0,-0.1872,0.982,-0.0251,0,-0.9811,-0.1882,-0.0448,0,0,0.5735,0,1]},
{"frame":23,"values":[-0.0468,0.0164,0.9988,0,-0.1894,0.9816,-0.0249,0,-0.9808,-0.1904,-0.0428,0,0,0.5735,0,1]},
{"frame":24,"values":[-0.0435,0.0166,0.9989,0,-0.1931,0.9809,-0.0247,0,-0.9802,-0.194,-0.0395,0,0,0.5735,0,1]},
{"frame":25,"values":[-0.0391,0.017,0.9991,0,-0.1981,0.9799,-0.0245,0,-0.9794,-0.1989,-0.0349,0,0,0.5735,0,1]},
{"frame":26,"values":[-0.0336,0.0175,0.9993,0,-0.2043,0.9786,-0.0241,0,-0.9783,-0.205,-0.0293,0,0,0.5735,0,1]},
{"frame":27,"values":[-0.0274,0.0182,0.9995,0,-0.2114,0.9771,-0.0236,0,-0.977,-0.2119,-0.023,0,0,0.5735,0,1]},
{"frame":28,"values":[-0.0208,0.0189,0.9996,0,-0.2188,0.9755,-0.023,0,-0.9755,-0.2192,-0.0162,0,0,0.5735,0,1]},
{"frame":29,"values":[-0.0142,0.0197,0.9997,0,-0.2263,0.9738,-0.0224,0,-0.974,-0.2266,-0.0094,0,0,0.5735,0,1]},
{"frame":30,"values":[-0.008,0.0204,0.9998,0,-0.2333,0.9722,-0.0217,0,-0.9724,-0.2334,-0.003,0,0,0.5735,0,1]},
{"frame":31,"values":[-0.0026,0.0211,0.9998,0,-0.2394,0.9707,-0.0211,0,-0.9709,-0.2394,0.0025,0,0,0.5735,0,1]},
{"frame":32,"values":[0.0018,0.0217,0.9998,0,-0.2444,0.9695,-0.0206,0,-0.9697,-0.2443,0.0071,0,0,0.5735,0,1]},
{"frame":33,"values":[0.005,0.0222,0.9997,0,-0.248,0.9685,-0.0202,0,-0.9687,-0.2478,0.0104,0,0,0.5735,0,1]},
{"frame":34,"values":[0.007,0.0225,0.9997,0,-0.2502,0.968,-0.02,0,-0.9682,-0.25,0.0124,0,0,0.5735,0,1]},
{"frame":35,"values":[0.0076,0.0226,0.9997,0,-0.2509,0.9678,-0.0199,0,-0.968,-0.2507,0.013,0,0,0.5735,0,1]},
{"frame":36,"values":[0.0063,0.0224,0.9997,0,-0.2495,0.9682,-0.0201,0,-0.9684,-0.2493,0.0117,0,0,0.5735,0,1]},
{"frame":37,"values":[0.0026,0.0218,0.9998,0,-0.2452,0.9692,-0.0205,0,-0.9695,-0.2451,0.0078,0,0,0.5735,0,1]},
{"frame":38,"values":[-0.0036,0.021,0.9998,0,-0.2383,0.971,-0.0213,0,-0.9712,-0.2383,0.0015,0,0,0.5735,0,1]},
{"frame":39,"values":[-0.0117,0.02,0.9997,0,-0.2292,0.9731,-0.0221,0,-0.9733,-0.2294,-0.0068,0,0,0.5735,0,1]},
{"frame":40,"values":[-0.0208,0.0189,0.9996,0,-0.2188,0.9755,-0.023,0,-0.9755,-0.2192,-0.0162,0,0,0.5735,0,1]},
{"frame":41,"values":[-0.03,0.0179,0.9994,0,-0.2085,0.9777,-0.0238,0,-0.9776,-0.2091,-0.0256,0,0,0.5735,0,1]},
{"frame":42,"values":[-0.0381,0.0171,0.9991,0,-0.1993,0.9796,-0.0244,0,-0.9792,-0.2,-0.0339,0,0,0.5735,0,1]},
{"frame":43,"values":[-0.0443,0.0166,0.9989,0,-0.1923,0.981,-0.0248,0,-0.9803,-0.1931,-0.0403,0,0,0.5735,0,1]},
{"frame":44,"values":[-0.0481,0.0162,0.9987,0,-0.1879,0.9819,-0.025,0,-0.981,-0.1889,-0.0442,0,0,0.5735,0,1]},
{"frame":45,"values":[-0.0493,0.0161,0.9987,0,-0.1865,0.9821,-0.0251,0,-0.9812,-0.1875,-0.0455,0,0,0.5735,0,1]}],"loopBehavior":1,"name":"anim","property":"_matrix"}},
{"name":"palm.r","index":21,"matrix":[1,0,0.0021,0,0,1,-0.0021,0,-0.0021,0.0021,1,0,0,0.7206,0,1],"rest":[1,0,0.0021,0,0,1,-0.0021,0,-0.0021,0.0021,1,0,0,0.7206,0,1],"parentBoneIndex":20,"length":0.3036
,"animation":{"dataType":3,"framePerSecond":24,"keys":[
{"frame":1,"values":[1,0,0.0021,0,0,1,-0.0021,0,-0.0021,0.0021,1,0,0,0.7206,0,1]},
{"frame":2,"values":[1,0,0.0021,0,0,1,-0.0021,0,-0.0021,0.0021,1,0,0,0.7206,0,1]},
{"frame":11,"values":[1,0,0.0021,0,0,1,-0.0021,0,-0.0021,0.0021,1,0,0,0.7206,0,1]},
{"frame":45,"values":[1,0,0.0021,0,0,1,-0.0021,0,-0.0021,0.0021,1,0,0,0.7206,0,1]}],"loopBehavior":1,"name":"anim","property":"_matrix"}},
{"name":"index.r","index":22,"matrix":[1,-0.0031,0.0017,0,0.0026,0.9734,0.2292,0,-0.0024,-0.2292,0.9734,0,0.0014,1.1078,0.1217,1],"rest":[1,-0.0031,0.0017,0,0.0026,0.9734,0.2292,0,-0.0024,-0.2292,0.9734,0,0.0014,1.1078,0.1217,1],"parentBoneIndex":20,"length":0.3152
,"animation":{"dataType":3,"framePerSecond":24,"keys":[
{"frame":1,"values":[1,-0.0031,0.0017,0,0.0026,0.9734,0.2292,0,-0.0024,-0.2292,0.9734,0,0.0014,1.1078,0.1217,1]},
{"frame":2,"values":[1,-0.0031,0.0017,0,0.0026,0.9734,0.2292,0,-0.0024,-0.2292,0.9734,0,0.0014,1.1078,0.1217,1]},
{"frame":11,"values":[1,-0.0031,0.0017,0,0.0026,0.9734,0.2292,0,-0.0024,-0.2292,0.9734,0,0.0014,1.1078,0.1217,1]},
{"frame":45,"values":[1,-0.0031,0.0017,0,0.0026,0.9734,0.2292,0,-0.0024,-0.2292,0.9734,0,0.0014,1.1078,0.1217,1]}],"loopBehavior":1,"name":"anim","property":"_matrix"}},
{"name":"thumb.r","index":23,"matrix":[0.9999,-0.0133,-0.0106,0,0.0112,0.0512,0.9986,0,-0.0128,-0.9986,0.0513,0,0.0016,0.9133,0.1398,1],"rest":[0.9999,-0.0133,-0.0106,0,0.0112,0.0512,0.9986,0,-0.0128,-0.9986,0.0513,0,0.0016,0.9133,0.1398,1],"parentBoneIndex":20,"length":0.2596
,"animation":{"dataType":3,"framePerSecond":24,"keys":[
{"frame":1,"values":[0.9999,-0.0133,-0.0106,0,0.0112,0.0512,0.9986,0,-0.0128,-0.9986,0.0513,0,0.0016,0.9133,0.1398,1]},
{"frame":2,"values":[0.9999,-0.0133,-0.0106,0,0.0112,0.0512,0.9986,0,-0.0128,-0.9986,0.0513,0,0.0016,0.9133,0.1398,1]},
{"frame":11,"values":[0.9999,-0.0133,-0.0106,0,0.0112,0.0512,0.9986,0,-0.0128,-0.9986,0.0513,0,0.0016,0.9133,0.1398,1]},
{"frame":45,"values":[0.9999,-0.0133,-0.0106,0,0.0112,0.0512,0.9986,0,-0.0128,-0.9986,0.0513,0,0.0016,0.9133,0.1398,1]}],"loopBehavior":1,"name":"anim","property":"_matrix"}},
{"name":"middle.r","index":24,"matrix":[1,0,0.0021,0,0,1,-0.0021,0,-0.0021,0.0021,1,0,0.0002,1.1252,0.0207,1],"rest":[1,0,0.0021,0,0,1,-0.0021,0,-0.0021,0.0021,1,0,0.0002,1.1252,0.0207,1],"parentBoneIndex":20,"length":0.3036
,"animation":{"dataType":3,"framePerSecond":24,"keys":[
{"frame":1,"values":[1,0,0.0021,0,0,1,-0.0021,0,-0.0021,0.0021,1,0,0.0002,1.1252,0.0207,1]},
{"frame":2,"values":[1,0,0.0021,0,0,1,-0.0021,0,-0.0021,0.0021,1,0,0.0002,1.1252,0.0207,1]},
{"frame":11,"values":[1,0,0.0021,0,0,1,-0.0021,0,-0.0021,0.0021,1,0,0.0002,1.1252,0.0207,1]},
{"frame":45,"values":[1,0,0.0021,0,0,1,-0.0021,0,-0.0021,0.0021,1,0,0.0002,1.1252,0.0207,1]}],"loopBehavior":1,"name":"anim","property":"_matrix"}},
{"name":"little.r","index":25,"matrix":[1,0.003,0.0017,0,-0.0026,0.9735,-0.2285,0,-0.0024,0.2285,0.9736,0,-0.0012,1.1145,-0.1089,1],"rest":[1,0.003,0.0017,0,-0.0026,0.9735,-0.2285,0,-0.0024,0.2285,0.9736,0,-0.0012,1.1145,-0.1089,1],"parentBoneIndex":20,"length":0.3043
,"animation":{"dataType":3,"framePerSecond":24,"keys":[
{"frame":1,"values":[1,0.003,0.0017,0,-0.0026,0.9735,-0.2285,0,-0.0024,0.2285,0.9736,0,-0.0012,1.1145,-0.1089,1]},
{"frame":2,"values":[1,0.003,0.0017,0,-0.0026,0.9735,-0.2285,0,-0.0024,0.2285,0.9736,0,-0.0012,1.1145,-0.1089,1]},
{"frame":11,"values":[1,0.003,0.0017,0,-0.0026,0.9735,-0.2285,0,-0.0024,0.2285,0.9736,0,-0.0012,1.1145,-0.1089,1]},
{"frame":45,"values":[1,0.003,0.0017,0,-0.0026,0.9735,-0.2285,0,-0.0024,0.2285,0.9736,0,-0.0012,1.1145,-0.1089,1]}],"loopBehavior":1,"name":"anim","property":"_matrix"}},
{"name":"thigh.l","index":26,"matrix":[0.9967,-0.0056,-0.0805,0,0.0805,0.128,0.9885,0,0.0047,-0.9918,0.128,0,0.5945,1.0982,-0.0058,1],"rest":[0.9967,-0.0011,-0.0817,0,0.0795,0.2379,0.969,0,0.0184,-0.9713,0.2374,0,0.5945,1.0982,-0.0058,1],"parentBoneIndex":4,"length":0.8798
,"animation":{"dataType":3,"framePerSecond":24,"keys":[
{"frame":1,"values":[0.9967,-0.0056,-0.0805,0,0.0805,0.128,0.9885,0,0.0047,-0.9918,0.128,0,0.5945,1.0982,-0.0058,1]},
{"frame":2,"values":[0.9967,-0.0056,-0.0805,0,0.0805,0.128,0.9885,0,0.0047,-0.9918,0.128,0,0.5945,1.0982,-0.0058,1]},
{"frame":11,"values":[0.9967,-0.0056,-0.0805,0,0.0805,0.128,0.9885,0,0.0047,-0.9918,0.128,0,0.5945,1.0982,-0.0058,1]},
{"frame":12,"values":[0.9966,-0.0063,-0.0821,0,0.0815,0.2207,0.9719,0,0.0119,-0.9753,0.2205,0,0.5945,1.0982,-0.0058,1]},
{"frame":13,"values":[0.9965,-0.0071,-0.0832,0,0.0816,0.299,0.9508,0,0.0181,-0.9542,0.2986,0,0.5945,1.0982,-0.0058,1]},
{"frame":14,"values":[0.9964,-0.0079,-0.084,0,0.0811,0.3661,0.927,0,0.0234,-0.9305,0.3655,0,0.5945,1.0982,-0.0058,1]},
{"frame":15,"values":[0.9964,-0.0086,-0.0845,0,0.0802,0.4236,0.9023,0,0.028,-0.9058,0.4228,0,0.5945,1.0982,-0.0058,1]},
{"frame":16,"values":[0.9964,-0.0093,-0.0847,0,0.0791,0.4724,0.8778,0,0.0319,-0.8814,0.4714,0,0.5945,1.0982,-0.0058,1]},
{"frame":17,"values":[0.9964,-0.0098,-0.0847,0,0.0777,0.513,0.8549,0,0.0351,-0.8583,0.5119,0,0.5945,1.0982,-0.0058,1]},
